0	20315
1	11690
2	9190
3	8277
4	7522
5	6971
6	6432
7	5862
8	5573
9	4922
10	4806
11	4559
12	4102
13	3892
14	3856
15	3641
16	3463
17	3603
18	3494
19	3385
20	3282
21	3292
22	3389
23	3162
24	3226
25	3097
26	3034
27	2995
28	2810
29	2774
30	2673
31	2622
32	2583
33	2584
34	2499
35	2573
36	2474
37	2516
38	2425
39	2289
40	2301
41	2336
42	2222
43	2261
44	2237
45	2183
46	2090
47	2193
48	2226
49	2171
50	2088
51	1925
52	1888
53	1956
54	1854
55	1886
56	1843
57	1910
58	1748
59	1758
60	1795
61	1714
62	1642
63	1612
64	1691
65	1604
66	1530
67	1557
68	1624
69	1655
70	1645
71	1734
72	1821
73	1778
74	1626
75	1726
76	1692
77	1749
78	1746
79	1752
80	1641
81	1699
82	1632
83	1643
84	1595
85	1684
86	1648
87	1559
88	1489
89	1560
90	1471
91	1500
92	1483
93	1446
94	1475
95	1397
96	1435
97	1460
98	1405
99	1351
100	1371
101	1418
102	1287
103	1282
104	1243
105	1203
106	1311
107	1246
108	1315
109	1221
110	1234
111	1205
112	1093
113	1193
114	1143
115	1068
116	1128
117	1097
118	1027
119	1063
120	988
121	999
122	972
123	1022
124	954
125	901
126	953
127	933
128	904
129	917
130	909
131	877
132	911
133	784
134	826
135	839
136	925
137	868
138	896
139	757
140	849
141	825
142	777
143	768
144	785
145	808
146	835
147	702
148	761
149	740
150	699
151	755
152	735
153	739
154	687
155	664
156	684
157	693
158	641
159	675
160	671
161	642
162	610
163	614
164	573
165	588
166	565
167	598
168	528
169	608
170	558
171	549
172	547
173	543
174	572
175	502
176	550
177	507
178	513
179	490
180	525
181	540
182	490
183	502
184	447
185	496
186	473
187	464
188	427
189	467
190	459
191	434
192	463
193	433
194	433
195	411
196	465
197	454
198	450
199	424
200	431
201	450
202	432
203	394
204	403
205	373
206	366
207	433
208	400
209	387
210	364
211	402
212	415
213	394
214	366
215	411
216	376
217	369
218	377
219	395
220	353
221	361
222	384
223	354
224	344
225	333
226	331
227	312
228	353
229	297
230	278
231	307
232	317
233	340
234	334
235	295
236	317
237	282
238	295
239	333
240	285
241	291
242	263
243	269
244	286
245	323
246	261
247	248
248	246
249	261
250	227
251	274
252	273
253	266
254	226
255	276
256	270
257	270
258	268
259	229
260	265
261	237
262	255
263	244
264	230
265	201
266	227
267	228
268	246
269	242
270	219
271	244
272	273
273	230
274	257
275	220
276	184
277	255
278	221
279	221
280	204
281	228
282	211
283	221
284	204
285	206
286	213
287	239
288	203
289	227
290	222
291	233
292	188
293	178
294	182
295	199
296	193
297	194
298	188
299	196
300	198
301	214
302	180
303	199
304	192
305	194
306	204
307	154
308	174
309	196
310	167
311	181
312	152
313	168
314	169
315	185
316	172
317	164
318	140
319	176
320	165
321	153
322	182
323	171
324	186
325	172
326	152
327	183
328	181
329	151
330	133
331	137
332	156
333	160
334	130
335	146
336	103
337	157
338	143
339	153
340	157
341	174
342	156
343	152
344	128
345	143
346	140
347	143
348	150
349	112
350	147
351	153
352	154
353	164
354	155
355	113
356	115
357	129
358	142
359	133
360	151
361	136
362	116
363	148
364	124
365	128
366	120
367	127
368	109
369	121
370	127
371	154
372	124
373	148
374	126
375	135
376	107
377	127
378	128
379	120
380	126
381	121
382	128
383	126
384	121
385	133
386	140
387	148
388	151
389	129
390	147
391	154
392	140
393	133
394	131
395	110
396	149
397	122
398	125
399	117
400	127
401	135
402	115
403	135
404	115
405	117
406	119
407	132
408	133
409	121
410	113
411	99
412	108
413	93
414	111
415	92
416	108
417	101
418	81
419	95
420	92
421	112
422	115
423	111
424	115
425	109
426	106
427	122
428	110
429	110
430	110
431	96
432	104
433	110
434	101
435	94
436	86
437	81
438	91
439	89
440	89
441	89
442	86
443	93
444	84
445	86
446	92
447	95
448	83
449	98
450	99
451	97
452	93
453	91
454	96
455	89
456	90
457	77
458	77
459	81
460	81
461	91
462	79
463	75
464	87
465	90
466	66
467	98
468	88
469	84
470	71
471	79
472	66
473	98
474	96
475	72
476	92
477	85
478	80
479	95
480	73
481	82
482	94
483	90
484	82
485	79
486	64
487	71
488	80
489	81
490	69
491	92
492	84
493	89
494	77
495	77
496	77
497	90
498	87
499	84
500	71
501	82
502	82
503	105
504	81
505	88
506	95
507	85
508	84
509	78
510	68
511	79
512	81
513	85
514	85
515	84
516	79
517	68
518	82
519	78
520	70
521	60
522	74
523	74
524	78
525	67
526	78
527	53
528	64
529	59
530	70
531	55
532	56
533	60
534	60
535	61
536	56
537	60
538	60
539	65
540	63
541	62
542	61
543	63
544	59
545	71
546	70
547	58
548	79
549	75
550	73
551	83
552	62
553	64
554	81
555	63
556	74
557	71
558	76
559	73
560	86
561	65
562	66
563	61
564	70
565	50
566	57
567	61
568	56
569	67
570	54
571	61
572	62
573	57
574	68
575	76
576	76
577	78
578	51
579	64
580	59
581	61
582	72
583	77
584	66
585	74
586	78
587	75
588	57
589	64
590	50
591	54
592	52
593	60
594	68
595	51
596	51
597	46
598	54
599	48
600	55
601	48
602	64
603	57
604	68
605	73
606	66
607	77
608	55
609	61
610	65
611	53
612	39
613	56
614	50
615	43
616	46
617	59
618	44
619	62
620	61
621	56
622	44
623	49
624	41
625	45
626	46
627	60
628	47
629	51
630	53
631	51
632	52
633	45
634	50
635	57
636	50
637	47
638	43
639	58
640	40
641	44
642	42
643	44
644	42
645	46
646	39
647	43
648	47
649	57
650	47
651	51
652	33
653	42
654	54
655	48
656	31
657	51
658	39
659	49
660	46
661	47
662	59
663	49
664	39
665	42
666	46
667	53
668	43
669	49
670	53
671	50
672	46
673	52
674	44
675	42
676	50
677	48
678	51
679	51
680	40
681	51
682	35
683	48
684	42
685	36
686	58
687	42
688	40
689	38
690	38
691	32
692	46
693	62
694	48
695	54
696	47
697	27
698	39
699	47
700	54
701	46
702	43
703	49
704	46
705	41
706	36
707	52
708	43
709	41
710	45
711	52
712	47
713	41
714	31
715	49
716	50
717	50
718	39
719	62
720	45
721	47
722	58
723	39
724	40
725	31
726	44
727	47
728	49
729	37
730	36
731	38
732	42
733	34
734	48
735	53
736	39
737	44
738	46
739	51
740	42
741	53
742	41
743	39
744	40
745	32
746	41
747	37
748	38
749	35
750	39
751	50
752	42
753	47
754	38
755	41
756	36
757	41
758	34
759	41
760	46
761	40
762	46
763	43
764	46
765	33
766	38
767	35
768	31
769	47
770	46
771	32
772	42
773	36
774	41
775	46
776	37
777	44
778	50
779	40
780	37
781	33
782	32
783	26
784	39
785	56
786	49
787	44
788	40
789	40
790	51
791	58
792	48
793	40
794	42
795	49
796	30
797	28
798	39
799	36
800	34
801	30
802	36
803	32
804	36
805	40
806	39
807	37
808	47
809	51
810	48
811	46
812	54
813	42
814	27
815	38
816	35
817	51
818	44
819	34
820	35
821	32
822	44
823	38
824	40
825	37
826	39
827	35
828	40
829	37
830	36
831	40
832	48
833	45
834	45
835	36
836	47
837	40
838	40
839	39
840	29
841	36
842	41
843	40
844	40
845	29
846	36
847	40
848	37
849	42
850	37
851	34
852	43
853	38
854	47
855	31
856	46
857	44
858	38
859	58
860	42
861	40
862	43
863	35
864	38
865	35
866	35
867	31
868	29
869	35
870	47
871	51
872	43
873	46
874	44
875	45
876	35
877	31
878	47
879	37
880	45
881	30
882	30
883	36
884	44
885	40
886	34
887	47
888	56
889	44
890	44
891	45
892	48
893	41
894	36
895	39
896	39
897	35
898	43
899	36
900	39
901	43
902	41
903	39
904	37
905	51
906	42
907	46
908	40
909	40
910	37
911	51
912	48
913	45
914	49
915	40
916	31
917	47
918	38
919	48
920	41
921	44
922	38
923	36
924	42
925	39
926	50
927	41
928	31
929	53
930	51
931	42
932	39
933	36
934	36
935	37
936	45
937	40
938	40
939	38
940	40
941	39
942	48
943	52
944	42
945	33
946	44
947	31
948	37
949	38
950	27
951	36
952	21
953	33
954	33
955	39
956	41
957	37
958	41
959	37
960	38
961	40
962	37
963	33
964	27
965	25
966	49
967	45
968	24
969	38
970	36
971	45
972	42
973	32
974	40
975	29
976	30
977	32
978	38
979	43
980	36
981	34
982	27
983	36
984	42
985	32
986	36
987	41
988	31
989	47
990	38
991	35
992	41
993	33
994	42
995	38
996	40
997	37
998	37
999	30
1000	27
1001	36
1002	34
1003	36
1004	39
1005	37
1006	37
1007	38
1008	32
1009	40
1010	41
1011	26
1012	39
1013	29
1014	38
1015	45
1016	29
1017	29
1018	35
1019	32
1020	14
1021	31
1022	34
1023	22
1024	30
1025	23
1026	24
1027	25
1028	25
1029	26
1030	31
1031	30
1032	39
1033	25
1034	25
1035	42
1036	23
1037	30
1038	35
1039	29
1040	29
1041	19
1042	33
1043	30
1044	32
1045	35
1046	24
1047	26
1048	23
1049	39
1050	25
1051	30
1052	37
1053	32
1054	29
1055	28
1056	26
1057	25
1058	27
1059	32
1060	38
1061	34
1062	22
1063	26
1064	27
1065	18
1066	40
1067	27
1068	29
1069	33
1070	35
1071	32
1072	28
1073	19
1074	24
1075	30
1076	27
1077	22
1078	22
1079	32
1080	31
1081	19
1082	27
1083	24
1084	24
1085	27
1086	27
1087	31
1088	28
1089	30
1090	16
1091	25
1092	14
1093	25
1094	22
1095	29
1096	25
1097	33
1098	21
1099	36
1100	37
1101	26
1102	21
1103	21
1104	23
1105	35
1106	21
1107	29
1108	18
1109	17
1110	20
1111	18
1112	26
1113	23
1114	21
1115	19
1116	27
1117	23
1118	20
1119	25
1120	24
1121	22
1122	33
1123	20
1124	26
1125	26
1126	24
1127	34
1128	32
1129	24
1130	20
1131	22
1132	20
1133	14
1134	17
1135	17
1136	22
1137	16
1138	29
1139	15
1140	22
1141	28
1142	23
1143	22
1144	20
1145	21
1146	17
1147	32
1148	23
1149	27
1150	24
1151	17
1152	23
1153	19
1154	19
1155	21
1156	29
1157	33
1158	22
1159	26
1160	22
1161	26
1162	30
1163	24
1164	24
1165	39
1166	25
1167	20
1168	25
1169	25
1170	16
1171	19
1172	20
1173	17
1174	15
1175	18
1176	9
1177	8
1178	21
1179	15
1180	24
1181	15
1182	13
1183	21
1184	18
1185	13
1186	31
1187	14
1188	26
1189	21
1190	19
1191	15
1192	20
1193	19
1194	16
1195	18
1196	14
1197	26
1198	21
1199	21
1200	14
1201	13
1202	27
1203	24
1204	18
1205	10
1206	21
1207	13
1208	12
1209	20
1210	25
1211	20
1212	31
1213	20
1214	20
1215	20
1216	21
1217	29
1218	21
1219	16
1220	12
1221	31
1222	17
1223	23
1224	21
1225	21
1226	24
1227	22
1228	19
1229	23
1230	25
1231	20
1232	14
1233	25
1234	18
1235	18
1236	22
1237	17
1238	22
1239	18
1240	15
1241	16
1242	25
1243	21
1244	21
1245	20
1246	24
1247	18
1248	21
1249	24
1250	19
1251	12
1252	15
1253	11
1254	11
1255	16
1256	23
1257	15
1258	12
1259	18
1260	16
1261	13
1262	20
1263	17
1264	16
1265	14
1266	19
1267	16
1268	19
1269	16
1270	14
1271	17
1272	14
1273	11
1274	11
1275	13
1276	14
1277	14
1278	16
1279	24
1280	18
1281	15
1282	24
1283	18
1284	16
1285	31
1286	17
1287	19
1288	13
1289	23
1290	10
1291	10
1292	20
1293	25
1294	12
1295	26
1296	19
1297	18
1298	20
1299	12
1300	24
1301	13
1302	15
1303	12
1304	16
1305	14
1306	20
1307	15
1308	10
1309	16
1310	15
1311	16
1312	17
1313	20
1314	9
1315	20
1316	17
1317	13
1318	19
1319	20
1320	16
1321	16
1322	21
1323	13
1324	16
1325	14
1326	19
1327	16
1328	24
1329	23
1330	16
1331	11
1332	23
1333	15
1334	19
1335	21
1336	19
1337	18
1338	14
1339	22
1340	14
1341	17
1342	16
1343	11
1344	23
1345	13
1346	13
1347	21
1348	20
1349	16
1350	15
1351	12
1352	14
1353	14
1354	14
1355	15
1356	15
1357	15
1358	19
1359	18
1360	12
1361	12
1362	19
1363	13
1364	20
1365	18
1366	14
1367	15
1368	17
1369	10
1370	20
1371	15
1372	11
1373	17
1374	12
1375	19
1376	14
1377	14
1378	13
1379	17
1380	17
1381	18
1382	16
1383	13
1384	11
1385	17
1386	14
1387	17
1388	14
1389	14
1390	18
1391	6
1392	13
1393	17
1394	20
1395	11
1396	16
1397	13
1398	12
1399	12
1400	10
1401	11
1402	19
1403	12
1404	17
1405	14
1406	14
1407	23
1408	13
1409	18
1410	15
1411	19
1412	20
1413	23
1414	12
1415	21
1416	14
1417	15
1418	15
1419	14
1420	14
1421	13
1422	9
1423	20
1424	14
1425	20
1426	13
1427	18
1428	16
1429	19
1430	18
1431	12
1432	16
1433	12
1434	30
1435	17
1436	18
1437	12
1438	11
1439	12
1440	13
1441	12
1442	12
1443	15
1444	14
1445	13
1446	17
1447	14
1448	9
1449	13
1450	9
1451	10
1452	10
1453	13
1454	12
1455	14
1456	13
1457	15
1458	8
1459	13
1460	11
1461	9
1462	15
1463	11
1464	13
1465	21
1466	13
1467	14
1468	14
1469	9
1470	8
1471	12
1472	10
1473	13
1474	15
1475	15
1476	12
1477	12
1478	16
1479	11
1480	14
1481	19
1482	14
1483	19
1484	14
1485	13
1486	10
1487	11
1488	11
1489	15
1490	13
1491	12
1492	11
1493	12
1494	16
1495	15
1496	12
1497	3
1498	6
1499	8
1500	13
1501	12
1502	9
1503	11
1504	12
1505	15
1506	15
1507	12
1508	15
1509	7
1510	5
1511	19
1512	10
1513	13
1514	11
1515	13
1516	12
1517	13
1518	12
1519	15
1520	8
1521	13
1522	11
1523	7
1524	15
1525	13
1526	6
1527	14
1528	12
1529	9
1530	8
1531	7
1532	8
1533	9
1534	5
1535	5
1536	13
1537	11
1538	16
1539	12
1540	20
1541	12
1542	12
1543	11
1544	6
1545	12
1546	6
1547	14
1548	13
1549	11
1550	7
1551	11
1552	7
1553	12
1554	15
1555	14
1556	18
1557	13
1558	19
1559	9
1560	8
1561	7
1562	6
1563	13
1564	9
1565	15
1566	2
1567	13
1568	5
1569	10
1570	14
1571	7
1572	11
1573	9
1574	8
1575	15
1576	7
1577	10
1578	14
1579	9
1580	7
1581	11
1582	7
1583	7
1584	10
1585	7
1586	7
1587	9
1588	12
1589	9
1590	10
1591	10
1592	10
1593	12
1594	5
1595	7
1596	5
1597	7
1598	9
1599	10
1600	12
1601	8
1602	5
1603	8
1604	14
1605	15
1606	6
1607	15
1608	10
1609	9
1610	12
1611	11
1612	5
1613	7
1614	16
1615	8
1616	15
1617	19
1618	9
1619	12
1620	10
1621	8
1622	12
1623	20
1624	14
1625	13
1626	10
1627	7
1628	5
1629	10
1630	9
1631	6
1632	6
1633	7
1634	5
1635	11
1636	8
1637	6
1638	14
1639	9
1640	8
1641	6
1642	6
1643	5
1644	10
1645	8
1646	10
1647	6
1648	7
1649	12
1650	8
1651	6
1652	5
1653	10
1654	11
1655	11
1656	4
1657	12
1658	8
1659	11
1660	8
1661	12
1662	9
1663	7
1664	14
1665	10
1666	6
1667	9
1668	9
1669	8
1670	4
1671	9
1672	5
1673	8
1674	9
1675	11
1676	5
1677	10
1678	3
1679	7
1680	9
1681	17
1682	8
1683	10
1684	15
1685	7
1686	3
1687	7
1688	8
1689	9
1690	18
1691	10
1692	8
1693	13
1694	5
1695	5
1696	15
1697	9
1698	9
1699	18
1700	11
1701	8
1702	11
1703	12
1704	7
1705	11
1706	8
1707	10
1708	19
1709	10
1710	7
1711	13
1712	15
1713	16
1714	14
1715	11
1716	8
1717	7
1718	17
1719	10
1720	7
1721	13
1722	8
1723	5
1724	8
1725	6
1726	10
1727	11
1728	12
1729	15
1730	6
1731	12
1732	15
1733	12
1734	14
1735	7
1736	5
1737	11
1738	11
1739	15
1740	9
1741	8
1742	11
1743	7
1744	9
1745	8
1746	9
1747	12
1748	9
1749	10
1750	15
1751	8
1752	15
1753	8
1754	17
1755	4
1756	11
1757	16
1758	11
1759	10
1760	7
1761	11
1762	12
1763	11
1764	14
1765	13
1766	12
1767	10
1768	16
1769	16
1770	13
1771	13
1772	12
1773	13
1774	16
1775	15
1776	21
1777	16
1778	13
1779	11
1780	19
1781	11
1782	10
1783	10
1784	16
1785	16
1786	17
1787	18
1788	17
1789	7
1790	8
1791	9
1792	14
1793	17
1794	10
1795	15
1796	23
1797	8
1798	9
1799	10
1800	14
1801	16
1802	13
1803	16
1804	18
1805	15
1806	14
1807	14
1808	12
1809	16
1810	14
1811	9
1812	11
1813	14
1814	15
1815	14
1816	14
1817	10
1818	9
1819	19
1820	9
1821	14
1822	19
1823	9
1824	10
1825	13
1826	12
1827	14
1828	12
1829	12
1830	17
1831	10
1832	20
1833	13
1834	10
1835	20
1836	13
1837	13
1838	12
1839	13
1840	13
1841	16
1842	20
1843	10
1844	16
1845	9
1846	16
1847	16
1848	9
1849	9
1850	14
1851	24
1852	12
1853	12
1854	15
1855	16
1856	11
1857	14
1858	11
1859	18
1860	22
1861	10
1862	19
1863	11
1864	7
1865	17
1866	14
1867	14
1868	9
1869	12
1870	18
1871	20
1872	14
1873	19
1874	12
1875	17
1876	12
1877	14
1878	14
1879	11
1880	15
1881	25
1882	14
1883	14
1884	16
1885	18
1886	18
1887	16
1888	13
1889	17
1890	19
1891	16
1892	12
1893	21
1894	11
1895	21
1896	13
1897	20
1898	18
1899	17
1900	12
1901	7
1902	13
1903	17
1904	16
1905	16
1906	6
1907	20
1908	9
1909	22
1910	18
1911	12
1912	14
1913	12
1914	15
1915	8
1916	20
1917	21
1918	17
1919	19
1920	12
1921	22
1922	13
1923	13
1924	26
1925	25
1926	13
1927	12
1928	18
1929	14
1930	17
1931	14
1932	21
1933	14
1934	18
1935	24
1936	20
1937	14
1938	16
1939	15
1940	13
1941	10
1942	18
1943	11
1944	14
1945	19
1946	13
1947	14
1948	15
1949	13
1950	19
1951	13
1952	20
1953	11
1954	9
1955	15
1956	13
1957	19
1958	10
1959	12
1960	8
1961	14
1962	12
1963	15
1964	13
1965	19
1966	13
1967	12
1968	18
1969	26
1970	16
1971	17
1972	13
1973	17
1974	15
1975	16
1976	12
1977	20
1978	12
1979	10
1980	21
1981	7
1982	13
1983	14
1984	11
1985	13
1986	16
1987	10
1988	17
1989	17
1990	21
1991	13
1992	10
1993	12
1994	11
1995	13
1996	17
1997	12
1998	12
1999	14
2000	16
2001	13
2002	12
2003	13
2004	6
2005	12
2006	11
2007	20
2008	13
2009	12
2010	7
2011	13
2012	27
2013	17
2014	14
2015	11
2016	15
2017	11
2018	17
2019	18
2020	14
2021	11
2022	15
2023	16
2024	19
2025	16
2026	10
2027	10
2028	10
2029	10
2030	7
2031	16
2032	12
2033	16
2034	9
2035	13
2036	13
2037	14
2038	8
2039	17
2040	13
2041	17
2042	7
2043	23
2044	14
2045	14
2046	7
2047	18
2048	8
2049	17
2050	12
2051	5
2052	15
2053	16
2054	9
2055	17
2056	11
2057	6
2058	9
2059	12
2060	13
2061	9
2062	19
2063	9
2064	6
2065	14
2066	10
2067	12
2068	16
2069	13
2070	13
2071	8
2072	14
2073	9
2074	5
2075	9
2076	16
2077	12
2078	12
2079	10
2080	10
2081	7
2082	8
2083	12
2084	11
2085	12
2086	16
2087	11
2088	9
2089	11
2090	9
2091	8
2092	14
2093	11
2094	11
2095	10
2096	13
2097	10
2098	11
2099	12
2100	13
2101	12
2102	13
2103	8
2104	11
2105	13
2106	6
2107	8
2108	8
2109	15
2110	14
2111	11
2112	7
2113	10
2114	21
2115	9
2116	12
2117	9
2118	17
2119	15
2120	8
2121	11
2122	15
2123	13
2124	10
2125	15
2126	11
2127	12
2128	8
2129	8
2130	12
2131	13
2132	14
2133	12
2134	7
2135	11
2136	14
2137	9
2138	18
2139	15
2140	10
2141	13
2142	9
2143	5
2144	8
2145	15
2146	8
2147	8
2148	12
2149	11
2150	7
2151	10
2152	10
2153	17
2154	13
2155	7
2156	14
2157	9
2158	10
2159	15
2160	11
2161	10
2162	12
2163	9
2164	10
2165	6
2166	10
2167	8
2168	19
2169	16
2170	9
2171	14
2172	17
2173	9
2174	9
2175	11
2176	9
2177	13
2178	11
2179	8
2180	16
2181	10
2182	11
2183	15
2184	11
2185	11
2186	15
2187	15
2188	11
2189	11
2190	9
2191	12
2192	11
2193	10
2194	8
2195	8
2196	10
2197	9
2198	11
2199	5
2200	6
2201	10
2202	10
2203	9
2204	13
2205	10
2206	10
2207	8
2208	7
2209	14
2210	11
2211	11
2212	10
2213	12
2214	8
2215	9
2216	9
2217	12
2218	8
2219	8
2220	5
2221	8
2222	11
2223	3
2224	11
2225	8
2226	11
2227	8
2228	7
2229	12
2230	15
2231	9
2232	8
2233	10
2234	9
2235	8
2236	15
2237	11
2238	6
2239	6
2240	16
2241	12
2242	11
2243	9
2244	7
2245	10
2246	12
2247	3
2248	11
2249	12
2250	11
2251	5
2252	14
2253	8
2254	9
2255	13
2256	11
2257	11
2258	11
2259	7
2260	13
2261	8
2262	6
2263	9
2264	8
2265	14
2266	8
2267	16
2268	10
2269	7
2270	6
2271	11
2272	7
2273	10
2274	13
2275	14
2276	9
2277	9
2278	10
2279	10
2280	11
2281	8
2282	11
2283	13
2284	11
2285	9
2286	12
2287	8
2288	8
2289	10
2290	12
2291	5
2292	10
2293	12
2294	7
2295	12
2296	8
2297	8
2298	12
2299	10
2300	10
2301	11
2302	6
2303	15
2304	16
2305	6
2306	15
2307	10
2308	8
2309	7
2310	6
2311	11
2312	7
2313	9
2314	6
2315	10
2316	11
2317	15
2318	7
2319	14
2320	8
2321	7
2322	7
2323	8
2324	5
2325	12
2326	5
2327	9
2328	8
2329	7
2330	8
2331	3
2332	6
2333	13
2334	9
2335	8
2336	6
2337	11
2338	4
2339	10
2340	9
2341	12
2342	6
2343	8
2344	17
2345	13
2346	5
2347	15
2348	9
2349	10
2350	7
2351	6
2352	10
2353	8
2354	9
2355	10
2356	5
2357	5
2358	4
2359	4
2360	7
2361	7
2362	12
2363	5
2364	10
2365	13
2366	12
2367	6
2368	15
2369	10
2370	7
2371	6
2372	8
2373	8
2374	6
2375	6
2376	9
2377	8
2378	9
2379	9
2380	4
2381	12
2382	11
2383	5
2384	5
2385	13
2386	10
2387	8
2388	5
2389	3
2390	7
2391	5
2392	7
2393	4
2394	11
2395	12
2396	9
2397	4
2398	8
2399	5
2400	7
2401	5
2402	7
2403	7
2404	3
2405	7
2406	8
2407	5
2408	11
2409	4
2410	5
2411	6
2412	8
2413	9
2414	6
2415	12
2416	6
2417	4
2418	7
2419	12
2420	6
2421	3
2422	2
2423	7
2424	8
2425	7
2426	7
2427	4
2428	8
2429	6
2430	11
2431	5
2432	6
2433	11
2434	6
2435	5
2436	9
2437	8
2438	5
2439	7
2440	7
2441	5
2442	7
2443	5
2444	9
2445	3
2446	8
2447	9
2448	9
2449	7
2450	6
2451	3
2452	5
2453	5
2454	8
2455	6
2456	9
2457	4
2458	6
2459	4
2460	8
2461	5
2462	8
2463	8
2464	2
2465	6
2466	5
2467	8
2468	3
2469	5
2470	7
2471	5
2472	4
2473	8
2474	2
2475	5
2476	8
2477	5
2478	6
2479	6
2480	3
2481	4
2482	2
2483	4
2484	10
2485	6
2486	6
2487	7
2488	3
2489	3
2490	6
2491	12
2492	8
2493	6
2494	2
2495	10
2496	3
2497	7
2498	4
2499	6
2500	7
2501	7
2502	4
2503	1
2504	5
2505	5
2506	5
2507	6
2508	5
2509	0
2510	5
2511	6
2512	12
2513	7
2514	6
2515	5
2516	3
2517	3
2518	2
2519	4
2520	2
2521	7
2522	5
2523	2
2524	7
2525	8
2526	4
2527	4
2528	5
2529	3
2530	5
2531	4
2532	8
2533	5
2534	10
2535	6
2536	7
2537	6
2538	8
2539	8
2540	7
2541	8
2542	9
2543	4
2544	2
2545	2
2546	3
2547	5
2548	7
2549	4
2550	3
2551	4
2552	4
2553	3
2554	3
2555	5
2556	5
2557	3
2558	3
2559	4
2560	5
2561	1
2562	7
2563	7
2564	4
2565	5
2566	1
2567	8
2568	5
2569	4
2570	7
2571	5
2572	5
2573	3
2574	7
2575	9
2576	4
2577	5
2578	2
2579	5
2580	4
2581	4
2582	5
2583	3
2584	4
2585	4
2586	4
2587	4
2588	3
2589	5
2590	5
2591	4
2592	4
2593	4
2594	2
2595	5
2596	4
2597	5
2598	2
2599	3
2600	5
2601	4
2602	4
2603	4
2604	2
2605	8
2606	10
2607	8
2608	3
2609	3
2610	6
2611	8
2612	6
2613	3
2614	10
2615	6
2616	2
2617	2
2618	6
2619	2
2620	8
2621	2
2622	7
2623	4
2624	3
2625	9
2626	1
2627	8
2628	3
2629	2
2630	2
2631	3
2632	6
2633	9
2634	5
2635	7
2636	3
2637	2
2638	2
2639	4
2640	1
2641	10
2642	1
2643	2
2644	8
2645	5
2646	7
2647	4
2648	5
2649	4
2650	8
2651	5
2652	5
2653	2
2654	4
2655	7
2656	3
2657	4
2658	3
2659	2
2660	2
2661	2
2662	5
2663	3
2664	9
2665	3
2666	4
2667	4
2668	5
2669	3
2670	2
2671	6
2672	9
2673	4
2674	2
2675	4
2676	4
2677	4
2678	3
2679	3
2680	5
2681	4
2682	8
2683	9
2684	5
2685	7
2686	6
2687	4
2688	5
2689	5
2690	6
2691	5
2692	3
2693	2
2694	3
2695	2
2696	6
2697	6
2698	5
2699	3
2700	4
2701	7
2702	5
2703	5
2704	4
2705	6
2706	3
2707	7
2708	6
2709	4
2710	3
2711	6
2712	6
2713	7
2714	3
2715	3
2716	5
2717	5
2718	4
2719	6
2720	6
2721	8
2722	4
2723	6
2724	5
2725	3
2726	4
2727	1
2728	3
2729	6
2730	8
2731	3
2732	2
2733	0
2734	0
2735	3
2736	7
2737	5
2738	5
2739	6
2740	7
2741	5
2742	5
2743	4
2744	8
2745	8
2746	6
2747	6
2748	5
2749	10
2750	1
2751	3
2752	8
2753	6
2754	0
2755	6
2756	5
2757	5
2758	5
2759	4
2760	5
2761	5
2762	3
2763	4
2764	3
2765	3
2766	5
2767	2
2768	6
2769	2
2770	9
2771	3
2772	6
2773	7
2774	7
2775	1
2776	10
2777	2
2778	6
2779	7
2780	3
2781	2
2782	3
2783	4
2784	5
2785	3
2786	4
2787	4
2788	7
2789	2
2790	4
2791	3
2792	5
2793	5
2794	4
2795	9
2796	3
2797	7
2798	4
2799	8
2800	1
2801	3
2802	1
2803	7
2804	2
2805	4
2806	4
2807	5
2808	7
2809	5
2810	3
2811	3
2812	8
2813	5
2814	4
2815	6
2816	7
2817	2
2818	8
2819	6
2820	4
2821	9
2822	4
2823	7
2824	5
2825	6
2826	7
2827	6
2828	9
2829	5
2830	2
2831	6
2832	3
2833	5
2834	4
2835	4
2836	4
2837	1
2838	7
2839	4
2840	5
2841	3
2842	8
2843	8
2844	3
2845	5
2846	9
2847	4
2848	5
2849	4
2850	5
2851	10
2852	4
2853	6
2854	5
2855	4
2856	6
2857	6
2858	4
2859	4
2860	7
2861	8
2862	5
2863	5
2864	2
2865	2
2866	4
2867	7
2868	4
2869	3
2870	4
2871	4
2872	3
2873	2
2874	4
2875	7
2876	7
2877	4
2878	5
2879	5
2880	1
2881	4
2882	6
2883	5
2884	6
2885	2
2886	8
2887	4
2888	7
2889	3
2890	4
2891	7
2892	7
2893	3
2894	10
2895	3
2896	9
2897	4
2898	6
2899	5
2900	6
2901	4
2902	2
2903	1
2904	5
2905	4
2906	3
2907	4
2908	8
2909	10
2910	7
2911	4
2912	6
2913	7
2914	3
2915	7
2916	3
2917	2
2918	9
2919	6
2920	6
2921	5
2922	4
2923	8
2924	7
2925	6
2926	8
2927	2
2928	2
2929	8
2930	5
2931	3
2932	11
2933	4
2934	5
2935	3
2936	6
2937	7
2938	2
2939	4
2940	8
2941	4
2942	3
2943	5
2944	4
2945	5
2946	5
2947	3
2948	2
2949	3
2950	9
2951	8
2952	6
2953	8
2954	6
2955	4
2956	11
2957	4
2958	6
2959	10
2960	5
2961	5
2962	3
2963	5
2964	4
2965	5
2966	7
2967	3
2968	5
2969	4
2970	5
2971	1
2972	4
2973	3
2974	9
2975	4
2976	11
2977	4
2978	5
2979	11
2980	7
2981	4
2982	9
2983	2
2984	5
2985	4
2986	5
2987	4
2988	8
2989	4
2990	4
2991	9
2992	6
2993	11
2994	7
2995	8
2996	6
2997	4
2998	7
2999	12
3000	3
3001	8
3002	2
3003	11
3004	9
3005	7
3006	6
3007	8
3008	4
3009	7
3010	6
3011	3
3012	4
3013	11
3014	8
3015	6
3016	3
3017	6
3018	8
3019	6
3020	10
3021	4
3022	3
3023	5
3024	6
3025	1
3026	5
3027	6
3028	4
3029	4
3030	2
3031	7
3032	8
3033	6
3034	6
3035	6
3036	6
3037	5
3038	7
3039	9
3040	8
3041	7
3042	5
3043	4
3044	6
3045	5
3046	5
3047	5
3048	6
3049	4
3050	5
3051	8
3052	9
3053	6
3054	9
3055	7
3056	6
3057	6
3058	8
3059	6
3060	4
3061	3
3062	7
3063	13
3064	7
3065	5
3066	9
3067	2
3068	6
3069	4
3070	5
3071	8
3072	7
3073	12
3074	6
3075	10
3076	5
3077	1
3078	6
3079	4
3080	4
3081	4
3082	7
3083	6
3084	6
3085	5
3086	3
3087	7
3088	3
3089	5
3090	4
3091	4
3092	6
3093	5
3094	5
3095	7
3096	7
3097	5
3098	1
3099	9
3100	6
3101	9
3102	2
3103	4
3104	9
3105	6
3106	10
3107	8
3108	3
3109	2
3110	3
3111	7
3112	5
3113	7
3114	4
3115	10
3116	5
3117	6
3118	7
3119	7
3120	3
3121	0
3122	8
3123	7
3124	3
3125	2
3126	5
3127	6
3128	7
3129	4
3130	8
3131	5
3132	2
3133	7
3134	7
3135	6
3136	10
3137	6
3138	9
3139	9
3140	3
3141	7
3142	7
3143	3
3144	4
3145	3
3146	5
3147	5
3148	3
3149	4
3150	5
3151	6
3152	7
3153	5
3154	5
3155	5
3156	3
3157	9
3158	6
3159	3
3160	5
3161	5
3162	5
3163	3
3164	6
3165	5
3166	5
3167	4
3168	5
3169	4
3170	8
3171	6
3172	1
3173	3
3174	7
3175	5
3176	7
3177	6
3178	1
3179	4
3180	2
3181	4
3182	5
3183	5
3184	5
3185	7
3186	6
3187	7
3188	4
3189	6
3190	5
3191	3
3192	6
3193	4
3194	8
3195	5
3196	8
3197	7
3198	7
3199	6
3200	8
3201	4
3202	3
3203	3
3204	5
3205	4
3206	4
3207	1
3208	5
3209	3
3210	7
3211	4
3212	6
3213	6
3214	3
3215	4
3216	3
3217	4
3218	6
3219	9
3220	4
3221	6
3222	8
3223	4
3224	7
3225	4
3226	4
3227	2
3228	5
3229	6
3230	3
3231	6
3232	3
3233	5
3234	4
3235	2
3236	11
3237	2
3238	5
3239	5
3240	2
3241	4
3242	4
3243	5
3244	2
3245	4
3246	4
3247	4
3248	2
3249	5
3250	5
3251	6
3252	3
3253	4
3254	7
3255	9
3256	6
3257	5
3258	3
3259	9
3260	4
3261	6
3262	3
3263	6
3264	3
3265	6
3266	6
3267	7
3268	2
3269	8
3270	4
3271	5
3272	4
3273	4
3274	4
3275	5
3276	5
3277	7
3278	3
3279	2
3280	0
3281	7
3282	4
3283	6
3284	2
3285	2
3286	3
3287	4
3288	3
3289	4
3290	7
3291	2
3292	6
3293	9
3294	5
3295	0
3296	4
3297	6
3298	3
3299	5
3300	3
3301	7
3302	6
3303	6
3304	5
3305	3
3306	4
3307	4
3308	6
3309	2
3310	5
3311	5
3312	8
3313	7
3314	6
3315	4
3316	1
3317	4
3318	2
3319	2
3320	2
3321	3
3322	8
3323	1
3324	1
3325	3
3326	3
3327	8
3328	4
3329	2
3330	9
3331	5
3332	4
3333	9
3334	2
3335	4
3336	3
3337	2
3338	4
3339	3
3340	5
3341	4
3342	3
3343	6
3344	1
3345	5
3346	6
3347	1
3348	2
3349	7
3350	2
3351	3
3352	8
3353	3
3354	3
3355	8
3356	4
3357	5
3358	1
3359	9
3360	2
3361	6
3362	6
3363	7
3364	2
3365	4
3366	5
3367	3
3368	3
3369	5
3370	4
3371	6
3372	3
3373	2
3374	4
3375	2
3376	5
3377	3
3378	6
3379	1
3380	1
3381	2
3382	4
3383	5
3384	5
3385	5
3386	3
3387	5
3388	3
3389	1
3390	3
3391	4
3392	2
3393	3
3394	6
3395	5
3396	5
3397	3
3398	2
3399	3
3400	8
3401	4
3402	3
3403	6
3404	4
3405	3
3406	3
3407	3
3408	2
3409	8
3410	6
3411	2
3412	2
3413	4
3414	2
3415	4
3416	1
3417	1
3418	5
3419	2
3420	3
3421	5
3422	3
3423	3
3424	5
3425	8
3426	0
3427	3
3428	4
3429	2
3430	3
3431	1
3432	2
3433	7
3434	1
3435	2
3436	6
3437	4
3438	3
3439	4
3440	4
3441	2
3442	3
3443	5
3444	4
3445	1
3446	7
3447	5
3448	1
3449	7
3450	7
3451	5
3452	2
3453	6
3454	3
3455	9
3456	6
3457	5
3458	4
3459	4
3460	7
3461	2
3462	0
3463	6
3464	5
3465	5
3466	4
3467	5
3468	1
3469	4
3470	3
3471	3
3472	4
3473	4
3474	4
3475	8
3476	3
3477	1
3478	4
3479	1
3480	4
3481	3
3482	5
3483	6
3484	4
3485	3
3486	2
3487	6
3488	3
3489	2
3490	3
3491	4
3492	4
3493	4
3494	0
3495	4
3496	3
3497	5
3498	6
3499	2
3500	2
3501	1
3502	3
3503	1
3504	5
3505	3
3506	5
3507	4
3508	1
3509	2
3510	3
3511	4
3512	3
3513	2
3514	3
3515	4
3516	4
3517	6
3518	3
3519	3
3520	2
3521	2
3522	1
3523	7
3524	3
3525	4
3526	4
3527	1
3528	3
3529	2
3530	1
3531	3
3532	2
3533	2
3534	2
3535	0
3536	6
3537	1
3538	1
3539	1
3540	2
3541	4
3542	4
3543	1
3544	3
3545	3
3546	4
3547	2
3548	5
3549	4
3550	8
3551	0
3552	2
3553	2
3554	2
3555	2
3556	2
3557	3
3558	2
3559	3
3560	5
3561	3
3562	5
3563	4
3564	2
3565	5
3566	5
3567	4
3568	4
3569	1
3570	1
3571	3
3572	0
3573	0
3574	2
3575	4
3576	6
3577	1
3578	6
3579	1
3580	2
3581	3
3582	3
3583	0
3584	1
3585	3
3586	2
3587	0
3588	5
3589	2
3590	2
3591	1
3592	0
3593	4
3594	3
3595	2
3596	4
3597	5
3598	4
3599	5
3600	1
3601	1
3602	5
3603	2
3604	4
3605	3
3606	4
3607	2
3608	2
3609	3
3610	5
3611	1
3612	1
3613	6
3614	1
3615	1
3616	3
3617	2
3618	2
3619	0
3620	2
3621	2
3622	3
3623	0
3624	2
3625	1
3626	5
3627	1
3628	1
3629	0
3630	2
3631	1
3632	4
3633	4
3634	2
3635	1
3636	0
3637	2
3638	2
3639	4
3640	4
3641	1
3642	3
3643	2
3644	5
3645	3
3646	3
3647	3
3648	2
3649	1
3650	2
3651	2
3652	1
3653	4
3654	3
3655	4
3656	1
3657	3
3658	2
3659	1
3660	1
3661	0
3662	3
3663	2
3664	1
3665	2
3666	1
3667	1
3668	0
3669	4
3670	4
3671	4
3672	2
3673	4
3674	0
3675	3
3676	1
3677	2
3678	3
3679	1
3680	1
3681	3
3682	2
3683	3
3684	1
3685	0
3686	4
3687	0
3688	3
3689	1
3690	1
3691	2
3692	2
3693	4
3694	3
3695	0
3696	1
3697	1
3698	3
3699	4
3700	2
3701	0
3702	2
3703	3
3704	1
3705	1
3706	0
3707	1
3708	0
3709	1
3710	0
3711	1
3712	3
3713	1
3714	5
3715	0
3716	2
3717	1
3718	4
3719	3
3720	4
3721	1
3722	1
3723	1
3724	1
3725	3
3726	1
3727	0
3728	0
3729	1
3730	2
3731	1
3732	0
3733	1
3734	2
3735	0
3736	2
3737	0
3738	1
3739	4
3740	2
3741	4
3742	1
3743	3
3744	1
3745	0
3746	2
3747	2
3748	2
3749	1
3750	1
3751	3
3752	2
3753	1
3754	0
3755	4
3756	2
3757	0
3758	2
3759	1
3760	0
3761	0
3762	1
3763	0
3764	2
3765	1
3766	0
3767	0
3768	3
3769	2
3770	2
3771	3
3772	1
3773	1
3774	2
3775	0
3776	2
3777	1
3778	0
3779	1
3780	2
3781	4
3782	3
3783	0
3784	3
3785	0
3786	1
3787	3
3788	1
3789	0
3790	0
3791	2
3792	2
3793	1
3794	1
3795	2
3796	0
3797	1
3798	1
3799	2
3800	1
3801	3
3802	1
3803	1
3804	1
3805	0
3806	2
3807	2
3808	0
3809	0
3810	0
3811	0
3812	0
3813	3
3814	3
3815	1
3816	1
3817	2
3818	1
3819	1
3820	1
3821	0
3822	5
3823	0
3824	0
3825	0
3826	0
3827	1
3828	0
3829	0
3830	1
3831	0
3832	0
3833	2
3834	0
3835	2
3836	1
3837	0
3838	0
3839	3
3840	2
3841	1
3842	2
3843	0
3844	0
3845	3
3846	2
3847	0
3848	0
3849	2
3850	1
3851	1
3852	2
3853	1
3854	0
3855	0
3856	0
3857	0
3858	1
3859	2
3860	2
3861	1
3862	2
3863	1
3864	1
3865	1
3866	1
3867	0
3868	1
3869	2
3870	0
3871	1
3872	4
3873	0
3874	2
3875	2
3876	0
3877	0
3878	0
3879	1
3880	2
3881	1
3882	3
3883	1
3884	1
3885	2
3886	0
3887	1
3888	1
3889	3
3890	2
3891	1
3892	1
3893	2
3894	1
3895	2
3896	1
3897	1
3898	1
3899	2
3900	0
3901	0
3902	2
3903	1
3904	1
3905	2
3906	1
3907	1
3908	2
3909	1
3910	0
3911	1
3912	0
3913	2
3914	1
3915	0
3916	0
3917	1
3918	1
3919	0
3920	0
3921	0
3922	2
3923	0
3924	1
3925	0
3926	1
3927	1
3928	2
3929	0
3930	1
3931	0
3932	1
3933	0
3934	1
3935	1
3936	1
3937	2
3938	0
3939	1
3940	1
3941	1
3942	1
3943	1
3944	2
3945	0
3946	0
3947	0
3948	1
3949	1
3950	1
3951	0
3952	0
3953	0
3954	0
3955	0
3956	0
3957	1
3958	3
3959	1
3960	3
3961	0
3962	2
3963	0
3964	0
3965	1
3966	0
3967	0
3968	1
3969	0
3970	1
3971	1
3972	0
3973	1
3974	0
3975	0
3976	1
3977	0
3978	1
3979	3
3980	2
3981	2
3982	0
3983	2
3984	0
3985	0
3986	0
3987	2
3988	0
3989	2
3990	1
3991	0
3992	2
3993	1
3994	1
3995	1
3996	2
3997	1
3998	0
3999	0
4000	2
4001	1
4002	1
4003	0
4004	1
4005	0
4006	1
4007	0
4008	0
4009	0
4010	0
4011	0
4012	0
4013	1
4014	1
4015	0
4016	2
4017	1
4018	1
4019	0
4020	0
4021	2
4022	0
4023	2
4024	0
4025	0
4026	2
4027	2
4028	1
4029	2
4030	0
4031	0
4032	0
4033	0
4034	0
4035	0
4036	2
4037	0
4038	1
4039	0
4040	0
4041	0
4042	0
4043	1
4044	0
4045	0
4046	0
4047	0
4048	2
4049	0
4050	0
4051	1
4052	1
4053	2
4054	0
4055	0
4056	0
4057	0
4058	3
4059	1
4060	1
4061	0
4062	0
4063	1
4064	0
4065	1
4066	0
4067	1
4068	0
4069	1
4070	2
4071	1
4072	0
4073	1
4074	1
4075	0
4076	0
4077	0
4078	1
4079	0
4080	0
4081	1
4082	1
4083	1
4084	1
4085	0
4086	1
4087	2
4088	0
4089	2
4090	2
4091	0
4092	0
4093	0
4094	0
4095	0
4096	1
4097	1
4098	0
4099	1
4100	0
4101	0
4102	0
4103	0
4104	1
4105	0
4106	0
4107	0
4108	0
4109	1
4110	0
4111	0
4112	1
4113	0
4114	0
4115	0
4116	0
4117	0
4118	0
4119	0
4120	1
4121	0
4122	1
4123	0
4124	1
4125	2
4126	1
4127	0
4128	0
4129	1
4130	1
4131	0
4132	1
4133	0
4134	1
4135	2
4136	1
4137	1
4138	0
4139	1
4140	0
4141	0
4142	1
4143	0
4144	0
4145	1
4146	1
4147	1
4148	0
4149	0
4150	1
4151	0
4152	0
4153	0
4154	0
4155	0
4156	0
4157	1
4158	0
4159	2
4160	0
4161	0
4162	1
4163	0
4164	2
4165	1
4166	0
4167	0
4168	1
4169	2
4170	2
4171	2
4172	0
4173	0
4174	0
4175	1
4176	0
4177	0
4178	2
4179	1
4180	1
4181	3
4182	1
4183	0
4184	1
4185	1
4186	0
4187	2
4188	0
4189	1
4190	1
4191	1
4192	0
4193	0
4194	0
4195	1
4196	3
4197	1
4198	0
4199	0
4200	2
4201	0
4202	0
4203	0
4204	0
4205	2
4206	0
4207	0
4208	0
4209	0
4210	2
4211	1
4212	0
4213	2
4214	2
4215	0
4216	0
4217	1
4218	0
4219	1
4220	0
4221	0
4222	1
4223	1
4224	0
4225	0
4226	1
4227	0
4228	1
4229	0
4230	0
4231	0
4232	0
4233	0
4234	2
4235	0
4236	1
4237	1
4238	0
4239	0
4240	0
4241	0
4242	0
4243	0
4244	0
4245	0
4246	0
4247	0
4248	0
4249	1
4250	0
4251	0
4252	0
4253	0
4254	0
4255	0
4256	1
4257	0
4258	0
4259	1
4260	1
4261	0
4262	0
4263	1
4264	1
4265	0
4266	1
4267	0
4268	0
4269	1
4270	0
4271	0
4272	1
4273	1
4274	0
4275	0
4276	0
4277	1
4278	1
4279	0
4280	0
4281	2
4282	0
4283	0
4284	0
4285	0
4286	1
4287	0
4288	0
4289	0
4290	1
4291	0
4292	0
4293	0
4294	1
4295	1
4296	2
4297	0
4298	0
4299	0
4300	0
4301	3
4302	0
4303	1
4304	0
4305	0
4306	0
4307	1
4308	0
4309	0
4310	0
4311	0
4312	0
4313	0
4314	0
4315	0
4316	1
4317	0
4318	0
4319	0
4320	1
4321	0
4322	0
4323	0
4324	2
4325	0
4326	0
4327	0
4328	0
4329	0
4330	1
4331	0
4332	0
4333	0
4334	1
4335	0
4336	0
4337	0
4338	0
4339	0
4340	0
4341	0
4342	1
4343	0
4344	0
4345	0
4346	1
4347	1
4348	0
4349	0
4350	3
4351	0
4352	0
4353	2
4354	0
4355	0
4356	0
4357	0
4358	0
4359	0
4360	0
4361	0
4362	0
4363	1
4364	0
4365	1
4366	1
4367	0
4368	1
4369	0
4370	0
4371	0
4372	0
4373	0
4374	1
4375	0
4376	0
4377	1
4378	1
4379	0
4380	0
4381	0
4382	0
4383	1
4384	0
4385	0
4386	0
4387	0
4388	1
4389	1
4390	0
4391	0
4392	1
4393	0
4394	0
4395	0
4396	0
4397	0
4398	0
4399	0
4400	0
4401	0
4402	0
4403	0
4404	0
4405	0
4406	0
4407	1
4408	0
4409	0
4410	0
4411	0
4412	0
4413	0
4414	0
4415	2
4416	0
4417	0
4418	0
4419	0
4420	0
4421	1
4422	0
4423	0
4424	0
4425	0
4426	1
4427	0
4428	0
4429	0
4430	0
4431	1
4432	0
4433	0
4434	0
4435	0
4436	0
4437	0
4438	1
4439	0
4440	0
4441	0
4442	1
4443	0
4444	0
4445	1
4446	0
4447	0
4448	1
4449	0
4450	0
4451	0
4452	0
4453	0
4454	1
4455	0
4456	0
4457	0
4458	0
4459	2
4460	1
4461	0
4462	0
4463	0
4464	0
4465	1
4466	0
4467	0
4468	1
4469	0
4470	0
4471	0
4472	0
4473	0
4474	1
4475	1
4476	0
4477	0
4478	0
4479	0
4480	0
4481	0
4482	0
4483	0
4484	0
4485	0
4486	0
4487	0
4488	0
4489	0
4490	1
4491	0
4492	1
4493	0
4494	1
4495	0
4496	0
4497	2
4498	2
4499	0
4500	0
4501	1
4502	0
4503	0
4504	1
4505	0
4506	0
4507	0
4508	0
4509	0
4510	1
4511	1
4512	1
4513	0
4514	0
4515	1
4516	0
4517	0
4518	0
4519	0
4520	0
4521	0
4522	0
4523	0
4524	0
4525	1
4526	0
4527	0
4528	0
4529	0
4530	0
4531	0
4532	1
4533	0
4534	1
4535	0
4536	0
4537	0
4538	0
4539	0
4540	0
4541	0
4542	1
4543	1
4544	0
4545	0
4546	0
4547	0
4548	1
4549	0
4550	1
4551	0
4552	0
4553	0
4554	0
4555	0
4556	0
4557	1
4558	1
4559	1
4560	1
4561	0
4562	2
4563	0
4564	0
4565	1
4566	0
4567	0
4568	1
4569	0
4570	0
4571	0
4572	1
4573	0
4574	0
4575	1
4576	0
4577	1
4578	0
4579	0
4580	0
4581	0
4582	0
4583	0
4584	1
4585	0
4586	1
4587	1
4588	1
4589	1
4590	3
4591	1
4592	1
4593	1
4594	0
4595	0
4596	0
4597	0
4598	2
4599	0
4600	0
4601	0
4602	0
4603	0
4604	2
4605	0
4606	0
4607	1
4608	0
4609	1
4610	0
4611	1
4612	0
4613	0
4614	0
4615	0
4616	1
4617	0
4618	1
4619	0
4620	2
4621	1
4622	0
4623	1
4624	0
4625	0
4626	1
4627	1
4628	0
4629	1
4630	1
4631	0
4632	0
4633	0
4634	1
4635	1
4636	2
4637	0
4638	0
4639	0
4640	0
4641	1
4642	0
4643	0
4644	0
4645	1
4646	0
4647	1
4648	1
4649	0
4650	1
4651	0
4652	1
4653	0
4654	0
4655	1
4656	0
4657	0
4658	1
4659	1
4660	2
4661	0
4662	2
4663	1
4664	0
4665	0
4666	0
4667	1
4668	0
4669	2
4670	0
4671	0
4672	0
4673	0
4674	0
4675	0
4676	0
4677	1
4678	0
4679	1
4680	0
4681	0
4682	0
4683	1
4684	1
4685	0
4686	0
4687	0
4688	1
4689	2
4690	1
4691	1
4692	1
4693	0
4694	0
4695	0
4696	0
4697	0
4698	0
4699	0
4700	0
4701	1
4702	0
4703	0
4704	0
4705	3
4706	1
4707	0
4708	1
4709	0
4710	1
4711	0
4712	0
4713	0
4714	1
4715	1
4716	0
4717	1
4718	1
4719	1
4720	0
4721	0
4722	1
4723	1
4724	2
4725	0
4726	0
4727	0
4728	0
4729	0
4730	0
4731	1
4732	2
4733	0
4734	0
4735	0
4736	1
4737	0
4738	0
4739	0
4740	1
4741	0
4742	3
4743	1
4744	1
4745	2
4746	1
4747	0
4748	2
4749	0
4750	0
4751	0
4752	2
4753	0
4754	0
4755	0
4756	2
4757	0
4758	0
4759	0
4760	0
4761	0
4762	1
4763	0
4764	0
4765	0
4766	0
4767	1
4768	1
4769	1
4770	2
4771	0
4772	1
4773	0
4774	0
4775	0
4776	0
4777	2
4778	0
4779	2
4780	2
4781	2
4782	2
4783	0
4784	1
4785	0
4786	1
4787	0
4788	1
4789	0
4790	0
4791	1
4792	0
4793	0
4794	1
4795	0
4796	1
4797	0
4798	0
4799	2
4800	1
4801	1
4802	0
4803	1
4804	2
4805	1
4806	0
4807	0
4808	0
4809	1
4810	2
4811	1
4812	0
4813	1
4814	1
4815	0
4816	0
4817	3
4818	2
4819	0
4820	0
4821	0
4822	0
4823	0
4824	0
4825	2
4826	3
4827	0
4828	4
4829	1
4830	2
4831	1
4832	2
4833	0
4834	2
4835	4
4836	3
4837	0
4838	0
4839	1
4840	2
4841	0
4842	3
4843	1
4844	1
4845	4
4846	0
4847	0
4848	1
4849	0
4850	1
4851	3
4852	2
4853	0
4854	1
4855	2
4856	2
4857	0
4858	0
4859	1
4860	0
4861	1
4862	0
4863	0
4864	1
4865	3
4866	0
4867	2
4868	2
4869	1
4870	1
4871	2
4872	2
4873	1
4874	2
4875	2
4876	1
4877	1
4878	1
4879	2
4880	0
4881	2
4882	0
4883	1
4884	0
4885	2
4886	0
4887	3
4888	2
4889	1
4890	3
4891	2
4892	0
4893	3
4894	2
4895	1
4896	4
4897	2
4898	2
4899	4
4900	4
4901	1
4902	0
4903	0
4904	3
4905	3
4906	1
4907	1
4908	3
4909	2
4910	4
4911	1
4912	0
4913	3
4914	2
4915	3
4916	2
4917	0
4918	0
4919	1
4920	2
4921	2
4922	4
4923	2
4924	3
4925	3
4926	4
4927	4
4928	0
4929	2
4930	5
4931	2
4932	4
4933	1
4934	3
4935	0
4936	2
4937	0
4938	3
4939	3
4940	5
4941	3
4942	4
4943	2
4944	0
4945	1
4946	7
4947	0
4948	1
4949	0
4950	1
4951	0
4952	0
4953	1
4954	3
4955	3
4956	2
4957	3
4958	3
4959	2
4960	2
4961	3
4962	2
4963	2
4964	1
4965	2
4966	3
4967	1
4968	1
4969	3
4970	2
4971	1
4972	2
4973	1
4974	3
4975	1
4976	1
4977	2
4978	1
4979	1
4980	0
4981	4
4982	3
4983	0
4984	2
4985	0
4986	2
4987	0
4988	2
4989	0
4990	2
4991	2
4992	2
4993	1
4994	0
4995	0
4996	1
4997	0
4998	1
4999	1
5000	0
5001	1
5002	1
5003	3
5004	2
5005	4
5006	1
5007	0
5008	2
5009	0
5010	1
5011	1
5012	4
5013	2
5014	1
5015	3
5016	2
5017	0
5018	2
5019	1
5020	4
5021	2
5022	2
5023	0
5024	3
5025	0
5026	0
5027	1
5028	2
5029	1
5030	0
5031	0
5032	3
5033	1
5034	0
5035	3
5036	3
5037	0
5038	3
5039	1
5040	3
5041	1
5042	0
5043	3
5044	0
5045	2
5046	1
5047	1
5048	5
5049	1
5050	1
5051	1
5052	0
5053	1
5054	1
5055	1
5056	0
5057	0
5058	0
5059	1
5060	0
5061	2
5062	0
5063	0
5064	2
5065	1
5066	1
5067	0
5068	0
5069	0
5070	0
5071	0
5072	0
5073	1
5074	2
5075	1
5076	0
5077	1
5078	1
5079	1
5080	2
5081	1
5082	0
5083	2
5084	0
5085	0
5086	1
5087	0
5088	2
5089	2
5090	0
5091	2
5092	2
5093	2
5094	2
5095	1
5096	0
5097	2
5098	1
5099	0
5100	3
5101	1
5102	1
5103	2
5104	0
5105	0
5106	2
5107	0
5108	0
5109	0
5110	0
5111	1
5112	0
5113	1
5114	0
5115	1
5116	2
5117	2
5118	3
5119	0
5120	1
5121	0
5122	0
5123	0
5124	0
5125	0
5126	2
5127	2
5128	3
5129	1
5130	1
5131	0
5132	0
5133	0
5134	0
5135	1
5136	0
5137	1
5138	1
5139	0
5140	2
5141	0
5142	0
5143	1
5144	0
5145	1
5146	2
5147	0
5148	0
5149	2
5150	0
5151	0
5152	2
5153	0
5154	0
5155	1
5156	3
5157	0
5158	0
5159	1
5160	0
5161	1
5162	0
5163	1
5164	1
5165	0
5166	0
5167	2
5168	0
5169	0
5170	0
5171	0
5172	0
5173	1
5174	0
5175	0
5176	0
5177	0
5178	0
5179	0
5180	1
5181	1
5182	1
5183	1
5184	1
5185	0
5186	1
5187	0
5188	0
5189	1
5190	0
5191	0
5192	0
5193	0
5194	0
5195	0
5196	0
5197	0
5198	0
5199	1
5200	1
5201	0
5202	1
5203	0
5204	1
5205	0
5206	0
5207	1
5208	0
5209	1
5210	0
5211	0
5212	0
5213	1
5214	0
5215	1
5216	0
5217	1
5218	0
5219	1
5220	1
5221	0
5222	0
5223	0
5224	1
5225	0
5226	0
5227	1
5228	3
5229	0
5230	0
5231	0
5232	0
5233	0
5234	0
5235	0
5236	1
5237	0
5238	0
5239	0
5240	0
5241	0
5242	0
5243	1
5244	1
5245	2
5246	0
5247	1
5248	0
5249	1
5250	0
5251	0
5252	0
5253	1
5254	1
5255	0
5256	1
5257	1
5258	1
5259	1
5260	0
5261	0
5262	0
5263	2
5264	1
5265	2
5266	0
5267	0
5268	1
5269	2
5270	0
5271	0
5272	0
5273	0
5274	0
5275	0
5276	0
5277	1
5278	0
5279	1
5280	4
5281	0
5282	0
5283	4
5284	2
5285	3
5286	3
5287	2
5288	0
5289	1
5290	1
5291	0
5292	0
5293	0
5294	1
5295	0
5296	1
5297	1
5298	0
5299	0
5300	1
5301	1
5302	3
5303	1
5304	0
5305	0
5306	2
5307	2
5308	1
5309	1
5310	1
5311	2
5312	2
5313	0
5314	1
5315	1
5316	0
5317	0
5318	0
5319	0
5320	0
5321	0
5322	0
5323	0
5324	0
5325	0
5326	0
5327	1
5328	0
5329	0
5330	3
5331	0
5332	0
5333	1
5334	2
5335	0
5336	0
5337	0
5338	0
5339	0
5340	3
5341	1
5342	0
5343	2
5344	2
5345	1
5346	0
5347	0
5348	1
5349	0
5350	1
5351	0
5352	1
5353	1
5354	1
5355	1
5356	2
5357	1
5358	0
5359	0
5360	0
5361	0
5362	0
5363	0
5364	0
5365	0
5366	0
5367	0
5368	1
5369	1
5370	1
5371	1
5372	0
5373	1
5374	1
5375	1
5376	4
5377	0
5378	1
5379	3
5380	0
5381	1
5382	1
5383	0
5384	0
5385	0
5386	0
5387	1
5388	1
5389	0
5390	0
5391	1
5392	2
5393	1
5394	1
5395	2
5396	0
5397	0
5398	1
5399	2
5400	2
5401	3
5402	0
5403	1
5404	0
5405	0
5406	1
5407	1
5408	0
5409	0
5410	1
5411	0
5412	1
5413	1
5414	0
5415	0
5416	0
5417	0
5418	0
5419	3
5420	0
5421	0
5422	0
5423	1
5424	1
5425	0
5426	0
5427	0
5428	1
5429	0
5430	1
5431	0
5432	1
5433	2
5434	0
5435	0
5436	0
5437	2
5438	2
5439	0
5440	1
5441	0
5442	0
5443	1
5444	1
5445	0
5446	0
5447	2
5448	1
5449	0
5450	2
5451	2
5452	2
5453	2
5454	0
5455	0
5456	0
5457	0
5458	1
5459	0
5460	0
5461	1
5462	0
5463	2
5464	0
5465	2
5466	0
5467	0
5468	2
5469	0
5470	1
5471	2
5472	0
5473	0
5474	0
5475	1
5476	0
5477	0
5478	1
5479	0
5480	0
5481	0
5482	0
5483	0
5484	1
5485	0
5486	0
5487	0
5488	0
5489	0
5490	0
5491	0
5492	1
5493	1
5494	1
5495	1
5496	0
5497	0
5498	0
5499	0
5500	2
5501	0
5502	0
5503	0
5504	1
5505	1
5506	1
5507	1
5508	2
5509	0
5510	0
5511	1
5512	0
5513	1
5514	0
5515	0
5516	1
5517	0
5518	1
5519	1
5520	2
5521	2
5522	0
5523	0
5524	0
5525	0
5526	0
5527	2
5528	2
5529	0
5530	1
5531	3
5532	1
5533	1
5534	0
5535	0
5536	0
5537	2
5538	1
5539	1
5540	0
5541	1
5542	0
5543	0
5544	1
5545	0
5546	1
5547	0
5548	0
5549	0
5550	1
5551	0
5552	0
5553	0
5554	3
5555	0
5556	0
5557	0
5558	3
5559	0
5560	2
5561	1
5562	0
5563	1
5564	1
5565	0
5566	1
5567	1
5568	0
5569	1
5570	1
5571	1
5572	1
5573	0
5574	0
5575	1
5576	1
5577	0
5578	3
5579	0
5580	0
5581	1
5582	1
5583	1
5584	0
5585	2
5586	0
5587	2
5588	2
5589	2
5590	4
5591	0
5592	2
5593	2
5594	1
5595	1
5596	0
5597	2
5598	3
5599	0
5600	2
5601	3
5602	1
5603	1
5604	2
5605	1
5606	0
5607	3
5608	1
5609	3
5610	1
5611	3
5612	0
5613	2
5614	1
5615	2
5616	0
5617	3
5618	0
5619	0
5620	1
5621	1
5622	2
5623	0
5624	3
5625	0
5626	1
5627	2
5628	0
5629	1
5630	0
5631	0
5632	0
5633	1
5634	1
5635	1
5636	1
5637	0
5638	2
5639	2
5640	0
5641	0
5642	0
5643	0
5644	0
5645	0
5646	2
5647	0
5648	2
5649	1
5650	0
5651	1
5652	2
5653	1
5654	0
5655	1
5656	0
5657	2
5658	0
5659	2
5660	0
5661	0
5662	2
5663	0
5664	0
5665	0
5666	0
5667	1
5668	0
5669	1
5670	2
5671	0
5672	1
5673	2
5674	1
5675	1
5676	0
5677	1
5678	0
5679	0
5680	1
5681	2
5682	1
5683	0
5684	2
5685	1
5686	0
5687	1
5688	0
5689	1
5690	3
5691	0
5692	1
5693	1
5694	2
5695	1
5696	1
5697	0
5698	2
5699	1
5700	1
5701	0
5702	1
5703	0
5704	1
5705	0
5706	1
5707	1
5708	0
5709	1
5710	2
5711	1
5712	0
5713	0
5714	0
5715	1
5716	1
5717	1
5718	1
5719	1
5720	1
5721	2
5722	1
5723	2
5724	1
5725	1
5726	0
5727	0
5728	0
5729	0
5730	1
5731	1
5732	1
5733	0
5734	0
5735	0
5736	0
5737	2
5738	0
5739	1
5740	0
5741	1
5742	1
5743	2
5744	1
5745	1
5746	0
5747	0
5748	0
5749	0
5750	0
5751	0
5752	0
5753	0
5754	1
5755	2
5756	1
5757	0
5758	0
5759	0
5760	2
5761	1
5762	1
5763	0
5764	1
5765	0
5766	0
5767	1
5768	1
5769	4
5770	0
5771	0
5772	0
5773	0
5774	0
5775	1
5776	1
5777	0
5778	1
5779	1
5780	0
5781	1
5782	0
5783	0
5784	0
5785	2
5786	2
5787	0
5788	1
5789	0
5790	1
5791	2
5792	1
5793	0
5794	1
5795	1
5796	1
5797	0
5798	1
5799	0
5800	0
5801	1
5802	0
5803	0
5804	0
5805	0
5806	2
5807	0
5808	0
5809	0
5810	0
5811	0
5812	1
5813	0
5814	0
5815	0
5816	1
5817	3
5818	0
5819	0
5820	0
5821	0
5822	1
5823	0
5824	0
5825	0
5826	1
5827	0
5828	0
5829	0
5830	1
5831	0
5832	0
5833	1
5834	1
5835	0
5836	0
5837	0
5838	0
5839	0
5840	1
5841	0
5842	1
5843	2
5844	0
5845	1
5846	0
5847	2
5848	0
5849	0
5850	0
5851	1
5852	0
5853	2
5854	1
5855	0
5856	0
5857	0
5858	0
5859	0
5860	0
5861	1
5862	2
5863	0
5864	0
5865	0
5866	1
5867	0
5868	0
5869	0
5870	0
5871	1
5872	0
5873	0
5874	0
5875	0
5876	0
5877	1
5878	0
5879	1
5880	0
5881	0
5882	0
5883	1
5884	1
5885	0
5886	0
5887	0
5888	0
5889	0
5890	0
5891	0
5892	2
5893	0
5894	0
5895	0
5896	1
5897	0
5898	0
5899	0
5900	0
5901	0
5902	0
5903	0
5904	1
5905	0
5906	0
5907	0
5908	0
5909	0
5910	0
5911	0
5912	0
5913	0
5914	0
5915	0
5916	1
5917	0
5918	0
5919	0
5920	0
5921	0
5922	0
5923	0
5924	0
5925	0
5926	0
5927	0
5928	0
5929	0
5930	0
5931	1
5932	0
5933	0
5934	0
5935	0
5936	0
5937	0
5938	0
5939	0
5940	0
5941	1
5942	0
5943	0
5944	0
5945	0
5946	0
5947	0
5948	0
5949	0
5950	0
5951	0
5952	0
5953	0
5954	0
5955	0
5956	0
5957	0
5958	0
5959	0
5960	0
5961	0
5962	0
5963	0
5964	0
5965	0
5966	0
5967	0
5968	0
5969	0
5970	0
5971	0
5972	0
5973	0
5974	0
5975	0
5976	0
5977	0
5978	0
5979	0
5980	0
5981	0
5982	0
5983	0
5984	0
5985	0
5986	0
5987	0
5988	0
5989	0
5990	0
5991	0
5992	0
5993	0
5994	0
5995	0
5996	0
5997	0
5998	0
5999	0
6000	0
6001	0
6002	0
6003	0
6004	0
6005	0
6006	0
6007	0
6008	0
6009	0
6010	0
6011	0
6012	0
6013	0
6014	0
6015	0
6016	0
6017	0
6018	0
6019	0
6020	0
6021	0
6022	0
6023	0
6024	0
6025	0
6026	0
6027	0
6028	0
6029	0
6030	0
6031	0
6032	0
6033	0
6034	0
6035	0
6036	0
6037	0
6038	0
6039	0
6040	0
6041	0
6042	0
6043	0
6044	0
6045	0
6046	0
6047	0
6048	0
6049	0
6050	0
6051	0
6052	0
6053	0
6054	0
6055	0
6056	0
6057	0
6058	0
6059	0
6060	0
6061	0
6062	0
6063	1
6064	0
6065	0
6066	0
6067	0
6068	0
6069	0
6070	0
6071	0
6072	0
6073	1
6074	0
6075	0
6076	0
6077	0
6078	0
6079	0
6080	0
6081	0
6082	0
6083	0
6084	0
6085	0
6086	0
6087	0
6088	0
6089	0
6090	0
6091	0
6092	0
6093	0
6094	0
6095	0
6096	0
6097	0
6098	0
6099	0
6100	0
6101	0
6102	0
6103	0
6104	0
6105	0
6106	0
6107	0
6108	0
6109	0
6110	0
6111	0
6112	0
6113	0
6114	0
6115	0
6116	0
6117	0
6118	0
6119	0
6120	0
6121	0
6122	0
6123	0
6124	0
6125	0
6126	0
6127	0
6128	0
6129	0
6130	0
6131	0
6132	0
6133	0
6134	0
6135	0
6136	0
6137	0
6138	0
6139	0
6140	0
6141	0
6142	0
6143	0
6144	0
6145	0
6146	0
6147	0
6148	0
6149	0
6150	0
6151	0
6152	0
6153	0
6154	0
6155	0
6156	0
6157	0
6158	0
6159	0
6160	0
6161	0
6162	0
6163	0
6164	0
6165	0
6166	0
6167	0
6168	1
6169	0
6170	0
6171	0
6172	0
6173	0
6174	0
6175	0
6176	0
6177	0
6178	0
6179	0
6180	0
6181	0
6182	0
6183	0
6184	0
6185	0
6186	0
6187	0
6188	0
6189	0
6190	0
6191	0
6192	0
6193	0
6194	0
6195	0
6196	0
6197	0
6198	0
6199	0
6200	0
6201	0
6202	0
6203	0
6204	0
6205	1
6206	0
6207	0
6208	0
6209	0
6210	0
6211	0
6212	0
6213	0
6214	0
6215	0
6216	0
6217	0
6218	0
6219	0
6220	0
6221	0
6222	0
6223	0
6224	0
6225	0
6226	0
6227	0
6228	0
6229	0
6230	0
6231	0
6232	0
6233	0
6234	0
6235	0
6236	0
6237	0
6238	0
6239	0
6240	0
6241	0
6242	0
6243	0
6244	0
6245	0
6246	0
6247	0
6248	0
6249	0
6250	0
6251	0
6252	0
6253	0
6254	0
6255	0
6256	0
6257	0
6258	0
6259	0
6260	0
6261	0
6262	0
6263	0
6264	0
6265	0
6266	0
6267	0
6268	0
6269	0
6270	0
6271	0
6272	0
6273	0
6274	0
6275	0
6276	0
6277	0
6278	0
6279	0
6280	0
6281	0
6282	0
6283	0
6284	0
6285	0
6286	0
6287	0
6288	0
6289	0
6290	0
6291	0
6292	0
6293	0
6294	0
6295	1
6296	0
6297	0
6298	0
6299	0
6300	0
6301	0
6302	0
6303	0
6304	0
6305	0
6306	0
6307	0
6308	0
6309	0
6310	0
6311	0
6312	0
6313	0
6314	0
6315	0
6316	0
6317	0
6318	0
6319	0
6320	0
6321	0
6322	0
6323	0
6324	0
6325	0
6326	0
6327	0
6328	0
6329	0
6330	0
6331	0
6332	0
6333	0
6334	0
6335	0
6336	0
6337	0
6338	0
6339	0
6340	0
6341	0
6342	0
6343	0
6344	0
6345	0
6346	0
6347	0
6348	0
6349	0
6350	0
6351	0
6352	0
6353	0
6354	0
6355	0
6356	0
6357	0
6358	0
6359	0
6360	0
6361	0
6362	0
6363	0
6364	0
6365	0
6366	0
6367	0
6368	0
6369	0
6370	0
6371	0
6372	0
6373	0
6374	0
6375	0
6376	0
6377	0
6378	0
6379	0
6380	0
6381	0
6382	0
6383	0
6384	0
6385	0
6386	0
6387	0
6388	0
6389	0
6390	0
6391	0
6392	0
6393	0
6394	0
6395	0
6396	0
6397	0
6398	0
6399	0
6400	0
6401	0
6402	0
6403	0
6404	0
6405	0
6406	0
6407	1
6408	0
6409	0
6410	0
6411	0
6412	0
6413	0
6414	0
6415	0
6416	0
6417	0
6418	0
6419	0
6420	0
6421	0
6422	0
6423	0
6424	0
6425	0
6426	0
6427	0
6428	0
6429	0
6430	0
6431	0
6432	0
6433	0
6434	0
6435	0
6436	0
6437	0
6438	0
6439	0
6440	0
6441	0
6442	0
6443	0
6444	0
6445	0
6446	0
6447	0
6448	0
6449	0
6450	0
6451	0
6452	0
6453	0
6454	0
6455	0
6456	0
6457	0
6458	0
6459	0
6460	0
6461	0
6462	0
6463	0
6464	0
6465	0
6466	0
6467	0
6468	0
6469	0
6470	0
6471	0
6472	0
6473	0
6474	0
6475	0
6476	0
6477	0
6478	0
6479	0
6480	0
6481	0
6482	0
6483	0
6484	0
6485	0
6486	0
6487	0
6488	0
6489	0
6490	0
6491	0
6492	0
6493	0
6494	0
6495	0
6496	0
6497	0
6498	0
6499	0
6500	0
6501	0
6502	0
6503	0
6504	0
6505	0
6506	0
6507	0
6508	0
6509	0
6510	0
6511	0
6512	0
6513	0
6514	0
6515	0
6516	0
6517	0
6518	0
6519	0
6520	0
6521	0
6522	0
6523	0
6524	0
6525	0
6526	1
6527	0
6528	0
6529	0
6530	0
6531	0
6532	0
6533	0
6534	0
6535	0
6536	0
6537	0
6538	0
6539	0
6540	0
6541	0
6542	0
6543	0
6544	0
6545	0
6546	0
6547	0
6548	0
6549	0
6550	0
6551	0
6552	0
6553	0
6554	0
6555	0
6556	0
6557	0
6558	0
6559	0
6560	0
6561	0
6562	0
6563	0
6564	0
6565	0
6566	0
6567	0
6568	0
6569	0
6570	0
6571	0
6572	0
6573	0
6574	0
6575	0
6576	0
6577	0
6578	0
6579	0
6580	0
6581	0
6582	0
6583	0
6584	0
6585	0
6586	0
6587	0
6588	0
6589	0
6590	0
6591	0
6592	0
6593	0
6594	0
6595	0
6596	0
6597	0
6598	0
6599	0
6600	0
6601	0
6602	0
6603	0
6604	0
6605	0
6606	0
6607	0
6608	0
6609	0
6610	0
6611	0
6612	0
6613	0
6614	0
6615	0
6616	0
6617	0
6618	0
6619	0
6620	0
6621	0
6622	0
6623	0
6624	0
6625	0
6626	0
6627	0
6628	0
6629	0
6630	0
6631	0
6632	0
6633	0
6634	0
6635	0
6636	0
6637	0
6638	0
6639	0
6640	0
6641	0
6642	0
6643	0
6644	0
6645	0
6646	0
6647	0
6648	0
6649	0
6650	0
6651	0
6652	0
6653	0
6654	0
6655	0
6656	0
6657	0
6658	0
6659	0
6660	0
6661	0
6662	0
6663	0
6664	0
6665	0
6666	0
6667	0
6668	0
6669	0
6670	0
6671	0
6672	0
6673	0
6674	0
6675	0
6676	0
6677	0
6678	0
6679	0
6680	0
6681	0
6682	0
6683	0
6684	0
6685	0
6686	0
6687	0
6688	0
6689	0
6690	0
6691	0
6692	0
6693	0
6694	0
6695	0
6696	0
6697	0
6698	0
6699	0
6700	0
6701	0
6702	0
6703	0
6704	0
6705	0
6706	0
6707	0
6708	0
6709	0
6710	0
6711	0
6712	0
6713	0
6714	0
6715	0
6716	0
6717	0
6718	0
6719	0
6720	0
6721	0
6722	0
6723	0
6724	0
6725	0
6726	0
6727	0
6728	0
6729	1
6730	0
6731	0
6732	0
6733	0
6734	0
6735	0
6736	0
6737	0
6738	0
6739	0
6740	0
6741	0
6742	0
6743	0
6744	0
6745	0
6746	0
6747	0
6748	0
6749	0
6750	0
6751	0
6752	0
6753	0
6754	0
6755	0
6756	0
6757	0
6758	0
6759	0
6760	0
6761	0
6762	0
6763	0
6764	0
6765	0
6766	0
6767	0
6768	0
6769	0
6770	0
6771	0
6772	0
6773	0
6774	0
6775	0
6776	0
6777	0
6778	0
6779	0
6780	0
6781	0
6782	0
6783	0
6784	0
6785	0
6786	0
6787	0
6788	0
6789	0
6790	0
6791	0
6792	0
6793	0
6794	0
6795	0
6796	0
6797	0
6798	0
6799	0
6800	0
6801	0
6802	0
6803	0
6804	0
6805	0
6806	0
6807	0
6808	0
6809	0
6810	0
6811	0
6812	0
6813	0
6814	0
6815	0
6816	0
6817	0
6818	0
6819	0
6820	0
6821	0
6822	0
6823	0
6824	0
6825	0
6826	0
6827	0
6828	0
6829	0
6830	0
6831	0
6832	0
6833	0
6834	0
6835	0
6836	0
6837	0
6838	0
6839	0
6840	0
6841	0
6842	0
6843	0
6844	0
6845	0
6846	0
6847	0
6848	0
6849	0
6850	0
6851	0
6852	0
6853	0
6854	0
6855	0
6856	0
6857	0
6858	0
6859	0
6860	0
6861	0
6862	0
6863	0
6864	0
6865	0
6866	0
6867	0
6868	0
6869	0
6870	0
6871	0
6872	0
6873	0
6874	0
6875	0
6876	0
6877	0
6878	0
6879	0
6880	0
6881	0
6882	0
6883	0
6884	0
6885	0
6886	0
6887	0
6888	0
6889	0
6890	0
6891	0
6892	0
6893	0
6894	0
6895	0
6896	0
6897	0
6898	0
6899	0
6900	0
6901	0
6902	0
6903	0
6904	0
6905	0
6906	0
6907	0
6908	0
6909	0
6910	0
6911	0
6912	0
6913	0
6914	0
6915	0
6916	0
6917	0
6918	0
6919	0
6920	0
6921	0
6922	0
6923	0
6924	0
6925	0
6926	0
6927	0
6928	0
6929	0
6930	0
6931	0
6932	0
6933	0
6934	0
6935	0
6936	0
6937	0
6938	0
6939	0
6940	0
6941	0
6942	0
6943	0
6944	0
6945	0
6946	0
6947	0
6948	0
6949	0
6950	0
6951	0
6952	0
6953	0
6954	0
6955	0
6956	0
6957	0
6958	0
6959	0
6960	0
6961	0
6962	0
6963	0
6964	0
6965	0
6966	0
6967	0
6968	0
6969	0
6970	0
6971	0
6972	0
6973	0
6974	0
6975	0
6976	0
6977	0
6978	0
6979	0
6980	0
6981	0
6982	0
6983	0
6984	0
6985	0
6986	0
6987	0
6988	0
6989	0
6990	0
6991	0
6992	0
6993	0
6994	0
6995	0
6996	0
6997	0
6998	0
6999	0
7000	0
7001	0
7002	0
7003	0
7004	0
7005	0
7006	0
7007	0
7008	0
7009	0
7010	0
7011	0
7012	0
7013	0
7014	0
7015	0
7016	0
7017	0
7018	0
7019	0
7020	0
7021	0
7022	0
7023	0
7024	0
7025	0
7026	0
7027	0
7028	0
7029	0
7030	0
7031	0
7032	0
7033	0
7034	0
7035	0
7036	0
7037	0
7038	0
7039	0
7040	0
7041	0
7042	0
7043	0
7044	0
7045	0
7046	0
7047	0
7048	0
7049	0
7050	0
7051	0
7052	0
7053	0
7054	0
7055	0
7056	0
7057	0
7058	0
7059	0
7060	0
7061	0
7062	0
7063	0
7064	0
7065	0
7066	0
7067	0
7068	0
7069	0
7070	0
7071	0
7072	0
7073	0
7074	0
7075	0
7076	0
7077	0
7078	0
7079	0
7080	0
7081	0
7082	0
7083	0
7084	0
7085	0
7086	0
7087	0
7088	0
7089	0
7090	0
7091	0
7092	0
7093	0
7094	0
7095	0
7096	0
7097	0
7098	0
7099	0
7100	0
7101	0
7102	0
7103	0
7104	0
7105	0
7106	0
7107	0
7108	0
7109	0
7110	0
7111	0
7112	0
7113	0
7114	0
7115	0
7116	0
7117	0
7118	0
7119	0
7120	0
7121	0
7122	0
7123	0
7124	0
7125	0
7126	0
7127	0
7128	0
7129	0
7130	0
7131	0
7132	0
7133	0
7134	0
7135	0
7136	0
7137	0
7138	0
7139	0
7140	0
7141	0
7142	0
7143	0
7144	0
7145	0
7146	0
7147	0
7148	0
7149	0
7150	0
7151	0
7152	0
7153	0
7154	0
7155	0
7156	0
7157	0
7158	0
7159	0
7160	0
7161	0
7162	0
7163	0
7164	0
7165	0
7166	0
7167	0
7168	0
7169	0
7170	0
7171	0
7172	0
7173	0
7174	0
7175	0
7176	0
7177	0
7178	0
7179	0
7180	0
7181	0
7182	0
7183	0
7184	0
7185	0
7186	0
7187	0
7188	1
7189	0
7190	0
7191	0
7192	0
7193	0
7194	0
7195	0
7196	0
7197	0
7198	0
7199	0
7200	0
7201	0
7202	0
7203	0
7204	0
7205	0
7206	0
7207	0
7208	0
7209	0
7210	0
7211	0
7212	0
7213	0
7214	0
7215	0
7216	0
7217	0
7218	0
7219	1
7220	0
7221	0
7222	0
7223	0
7224	1
7225	0
7226	0
7227	0
7228	0
7229	0
7230	0
7231	0
7232	0
7233	0
7234	0
7235	0
7236	0
7237	0
7238	0
7239	0
7240	0
7241	0
7242	0
7243	0
7244	0
7245	0
7246	0
7247	0
7248	0
7249	0
7250	0
7251	0
7252	0
7253	0
7254	0
7255	0
7256	0
7257	0
7258	0
7259	0
7260	0
7261	0
7262	0
7263	0
7264	0
7265	0
7266	0
7267	0
7268	0
7269	0
7270	0
7271	0
7272	0
7273	0
7274	0
7275	0
7276	0
7277	0
7278	0
7279	0
7280	0
7281	0
7282	1
7283	0
7284	0
7285	0
7286	0
7287	0
7288	0
7289	0
7290	0
7291	0
7292	0
7293	0
7294	0
7295	0
7296	0
7297	0
7298	0
7299	0
7300	0
7301	0
7302	0
7303	0
7304	0
7305	0
7306	0
7307	0
7308	0
7309	0
7310	0
7311	0
7312	0
7313	0
7314	0
7315	0
7316	0
7317	0
7318	0
7319	0
7320	0
7321	0
7322	0
7323	0
7324	0
7325	0
7326	0
7327	0
7328	0
7329	0
7330	0
7331	0
7332	0
7333	0
7334	0
7335	0
7336	0
7337	0
7338	0
7339	0
7340	0
7341	0
7342	0
7343	0
7344	0
7345	0
7346	0
7347	0
7348	0
7349	0
7350	0
7351	0
7352	0
7353	0
7354	0
7355	0
7356	0
7357	0
7358	0
7359	0
7360	0
7361	0
7362	0
7363	0
7364	1
7365	0
7366	0
7367	0
7368	0
7369	0
7370	0
7371	0
7372	0
7373	0
7374	0
7375	0
7376	0
7377	0
7378	0
7379	0
7380	0
7381	0
7382	0
7383	0
7384	0
7385	0
7386	0
7387	0
7388	0
7389	0
7390	0
7391	0
7392	0
7393	0
7394	0
7395	0
7396	0
7397	0
7398	0
7399	0
7400	0
7401	0
7402	0
7403	0
7404	0
7405	0
7406	0
7407	0
7408	0
7409	0
7410	0
7411	0
7412	0
7413	0
7414	0
7415	0
7416	0
7417	0
7418	0
7419	0
7420	0
7421	0
7422	0
7423	0
7424	0
7425	0
7426	0
7427	0
7428	0
7429	0
7430	0
7431	0
7432	0
7433	0
7434	0
7435	0
7436	0
7437	0
7438	0
7439	0
7440	0
7441	0
7442	0
7443	0
7444	0
7445	0
7446	0
7447	0
7448	0
7449	0
7450	0
7451	0
7452	0
7453	0
7454	0
7455	0
7456	0
7457	0
7458	0
7459	0
7460	0
7461	0
7462	0
7463	0
7464	0
7465	0
7466	0
7467	0
7468	0
7469	0
7470	0
7471	0
7472	0
7473	0
7474	0
7475	0
7476	0
7477	0
7478	0
7479	0
7480	0
7481	0
7482	0
7483	0
7484	0
7485	0
7486	0
7487	0
7488	0
7489	0
7490	0
7491	0
7492	0
7493	0
7494	0
7495	0
7496	0
7497	0
7498	0
7499	0
7500	0
7501	0
7502	0
7503	0
7504	0
7505	0
7506	0
7507	0
7508	0
7509	0
7510	0
7511	0
7512	0
7513	0
7514	0
7515	0
7516	1
7517	0
7518	0
7519	0
7520	0
7521	1
7522	0
7523	0
7524	0
7525	0
7526	0
7527	0
7528	0
7529	1
