0 369
1 93
2 67
3 51
4 39
5 39
6 31
7 30
8 18
9 23
10 20
11 12
12 19
13 16
14 9
15 13
16 6
17 6
18 10
19 2
20 6
21 2
22 4
23 1
24 4
25 4
26 4
27 1
28 2
29 0
30 2
31 1
32 2
33 1
34 3
35 1
36 0
37 1
38 4
39 2
40 2
41 0
42 0
43 1
44 0
45 1
46 2
47 0
48 4
49 1
50 2
51 3
52 2
53 2
54 0
55 1
56 1
57 0
58 0
59 0
60 1
61 0
62 1
63 1
64 0
65 3
66 2
67 0
68 1
69 2
70 2
71 0
72 3
73 3
74 2
75 4
76 1
77 2
78 0
79 0
80 1
81 1
82 3
83 1
84 0
85 0
86 1
87 0
88 1
89 2
90 1
91 3
92 1
93 1
94 0
95 1
96 3
97 0
98 1
99 0
100 1
101 1
102 1
103 0
104 1
105 1
106 0
107 2
108 2
109 0
110 0
111 2
112 0
113 2
114 1
115 0
116 3
117 0
118 0
119 0
120 0
121 1
122 0
123 1
124 0
125 1
126 0
127 0
128 0
129 0
130 0
131 0
132 1
133 1
134 0
135 0
136 1
137 0
138 0
139 0
140 1
141 0
142 1
143 1
144 0
145 0
146 2
147 0
148 0
149 0
150 1
151 0
152 1
153 0
154 0
155 0
156 0
157 1
158 0
159 1
160 0
161 0
162 0
163 0
164 0
165 0
166 0
167 0
168 0
169 0
170 0
171 1
172 0
173 1
174 0
175 1
176 0
177 0
178 0
179 0
180 1
181 0
182 1
183 0
184 0
185 1
186 0
187 0
188 0
189 0
190 0
191 0
192 0
193 0
194 0
195 0
196 0
197 0
198 0
199 0
200 0
201 0
202 0
203 1
