0 0
1 0
2 0
3 0
4 0
5 0
6 0
7 0
8 0
9 0
10 0
11 0
12 0
13 0
14 0
15 0
16 0
17 0
18 0
19 0
20 0
21 0
22 0
23 0
24 0
25 0
26 0
27 0
28 0
29 0
30 0
31 1
32 0
33 0
34 0
35 2
36 0
37 1
38 2
39 0
40 0
41 1
42 1
43 2
44 0
45 2
46 1
47 0
48 0
49 0
50 0
51 1
52 1
53 2
54 0
55 2
56 0
57 2
58 0
59 0
60 1
61 3
62 2
63 1
64 0
65 0
66 1
67 1
68 0
69 0
70 1
71 3
72 0
73 2
74 0
75 1
76 2
77 2
78 2
79 2
80 2
81 1
82 0
83 1
84 1
85 2
86 3
87 5
88 1
89 1
90 2
91 3
92 1
93 2
94 2
95 1
96 2
97 5
98 2
99 2
100 0
101 1
102 4
103 5
104 2
105 1
106 0
107 7
108 1
109 3
110 2
111 4
112 4
113 2
114 1
115 4
116 7
117 2
118 0
119 4
120 1
121 5
122 2
123 1
124 1
125 1
126 1
127 3
128 2
129 2
130 3
131 4
132 3
133 1
134 4
135 3
136 1
137 5
138 1
139 3
140 3
141 1
142 8
143 3
144 4
145 3
146 2
147 1
148 5
149 3
150 5
151 6
152 5
153 1
154 3
155 5
156 5
157 3
158 7
159 5
160 2
161 4
162 3
163 4
164 2
165 2
166 3
167 4
168 7
169 8
170 4
171 6
172 6
173 3
174 4
175 2
176 3
177 4
178 12
179 4
180 4
181 5
182 5
183 11
184 4
185 5
186 3
187 4
188 2
189 3
190 5
191 8
192 4
193 7
194 4
195 3
196 2
197 2
198 4
199 2
200 5
201 5
202 5
203 2
204 3
205 2
206 3
207 3
208 2
209 9
210 1
211 4
212 4
213 3
214 7
215 4
216 3
217 3
218 4
219 2
220 4
221 2
222 4
223 3
224 5
225 4
226 5
227 3
228 1
229 6
230 4
231 3
232 2
233 8
234 7
235 1
236 3
237 1
238 6
239 4
240 3
241 5
242 2
243 4
244 3
245 5
246 4
247 5
248 3
249 2
250 11
251 5
252 3
253 1
254 1
255 2
256 3
257 0
258 3
259 3
260 2
261 3
262 0
263 6
264 1
265 0
266 5
267 6
268 5
269 3
270 3
271 3
272 3
273 4
274 0
275 5
276 3
277 7
278 3
279 4
280 5
281 1
282 3
283 2
284 1
285 7
286 2
287 2
288 2
289 4
290 1
291 2
292 0
293 5
294 3
295 2
296 1
297 3
298 3
299 6
300 0
301 4
302 3
303 0
304 2
305 4
306 1
307 1
308 1
309 1
310 3
311 4
312 1
313 2
314 3
315 3
316 0
317 3
318 3
319 1
320 0
321 0
322 5
323 1
324 3
325 2
326 3
327 1
328 3
329 1
330 2
331 1
332 1
333 2
334 3
335 2
336 0
337 2
338 1
339 0
340 1
341 3
342 0
343 1
344 2
345 1
346 4
347 3
348 3
349 2
350 2
351 3
352 2
353 2
354 2
355 3
356 3
357 4
358 1
359 3
360 1
361 1
362 0
363 2
364 2
365 1
366 1
367 0
368 1
369 4
370 2
371 0
372 1
373 1
374 2
375 0
376 1
377 2
378 0
379 3
380 0
381 0
382 0
383 0
384 2
385 2
386 0
387 0
388 2
389 1
390 4
391 2
392 2
393 0
394 0
395 0
396 1
397 1
398 1
399 0
400 0
401 0
402 1
403 0
404 0
405 0
406 1
407 2
408 1
409 1
410 1
411 1
412 3
413 0
414 1
415 0
416 1
417 1
418 0
419 0
420 1
421 0
422 0
423 0
424 1
425 2
426 2
427 0
428 3
429 2
430 0
431 0
432 0
433 1
434 0
435 0
436 0
437 1
438 1
439 0
440 0
441 0
442 0
443 0
444 2
445 0
446 0
447 0
448 0
449 0
450 0
451 0
452 2
453 0
454 0
455 0
456 0
457 0
458 1
459 1
460 3
461 0
462 1
463 0
464 1
465 0
466 0
467 0
468 0
469 0
470 0
471 1
472 1
473 0
474 2
475 0
476 2
477 0
478 0
479 1
480 0
481 0
482 0
483 0
484 1
485 0
486 0
487 1
488 2
489 1
490 0
491 0
492 0
493 1
494 1
495 1
496 1
497 0
498 0
499 0
500 0
501 1
502 0
503 0
504 0
505 0
506 0
507 0
508 0
509 0
510 0
511 0
512 0
513 1
514 0
515 1
516 1
517 0
518 0
519 0
520 0
521 0
522 0
523 0
524 0
525 0
526 0
527 0
528 1
529 0
530 0
531 0
532 1
533 0
534 1
535 0
536 0
537 0
538 0
539 0
540 0
541 0
542 0
543 0
544 0
545 0
546 0
547 0
548 0
549 0
550 0
551 0
552 0
553 0
554 1
555 0
556 0
557 0
558 0
559 0
560 0
561 0
562 0
563 0
564 0
565 0
566 0
567 0
568 0
569 0
570 0
571 0
572 0
573 0
574 0
575 0
576 0
577 0
578 0
579 0
580 0
581 0
582 0
583 0
584 0
585 0
586 0
587 0
588 0
589 0
590 0
591 0
592 0
593 0
594 0
595 0
596 0
597 0
598 0
599 0
600 0
601 0
602 0
603 0
604 0
605 0
606 0
607 0
608 0
609 0
610 0
611 0
612 0
613 0
614 0
615 0
616 0
617 0
618 0
619 0
620 0
621 0
622 0
623 0
624 0
625 0
626 0
627 0
628 0
629 0
630 0
631 0
632 0
633 0
634 0
635 0
636 0
637 0
638 0
639 0
640 0
641 0
642 0
643 0
644 0
645 0
646 0
647 0
648 0
649 0
650 0
651 0
652 0
653 0
654 0
655 0
656 0
657 0
658 0
659 0
660 0
661 0
662 0
663 0
664 0
665 0
666 0
667 0
668 0
669 0
670 0
671 0
672 0
673 0
674 0
675 0
676 0
677 0
678 0
679 0
680 0
681 0
682 0
683 0
684 0
685 0
686 0
687 0
688 0
689 0
690 0
691 0
692 0
693 0
694 0
695 0
696 0
697 0
698 0
699 0
700 0
701 0
702 0
703 0
704 0
705 0
706 0
707 0
708 0
709 0
710 0
711 0
712 0
713 0
714 0
715 0
716 0
717 0
718 0
719 0
720 0
721 0
722 0
723 0
724 0
725 0
726 0
727 0
728 0
729 0
730 0
731 0
732 0
733 0
734 0
735 0
736 0
737 0
738 0
739 0
740 0
741 0
742 0
743 0
744 0
745 0
746 0
747 0
748 0
749 0
750 1
751 2
752 0
753 0
754 2
755 0
756 0
757 1
758 2
759 1
760 1
761 1
762 0
763 0
764 0
765 0
766 1
767 1
768 0
769 1
770 1
771 2
772 0
773 0
774 0
775 0
776 0
777 0
778 0
779 0
780 0
781 0
782 1
783 0
784 0
785 0
786 0
787 0
788 0
789 0
790 0
791 0
792 0
793 0
794 0
795 0
796 0
797 0
798 0
799 0
800 0
801 0
802 0
803 0
804 0
805 0
806 0
807 0
808 0
809 0
810 0
811 0
812 0
813 0
814 0
815 0
816 0
817 0
818 0
819 0
820 0
821 0
822 0
823 0
824 0
825 0
826 0
827 0
828 0
829 0
830 0
831 0
832 0
833 0
834 0
835 0
836 0
837 0
838 0
839 0
840 0
841 0
842 0
843 0
844 0
845 0
846 0
847 0
848 0
849 0
850 0
851 0
852 0
853 0
854 0
855 0
856 0
857 0
858 0
859 0
860 0
861 0
862 0
863 0
864 0
865 0
866 0
867 0
868 0
869 0
870 0
871 0
872 0
873 0
874 0
875 0
876 0
877 0
878 0
879 0
880 0
881 0
882 0
883 0
884 0
885 0
886 0
887 0
888 0
889 0
890 0
891 0
892 0
893 0
894 0
895 0
896 0
897 0
898 0
899 0
900 0
901 0
902 0
903 0
904 0
905 0
906 0
907 0
908 0
909 0
910 0
911 0
912 0
913 0
914 0
915 0
916 1
917 0
918 0
919 0
920 0
921 0
922 0
923 0
924 0
925 1
926 1
927 0
928 2
929 0
930 0
931 1
932 0
933 0
934 1
935 1
936 0
937 0
938 0
939 2
940 0
941 0
942 0
943 0
944 0
945 0
946 0
947 0
948 0
949 0
950 0
951 0
952 0
953 0
954 0
955 0
956 0
957 0
958 0
959 0
960 0
961 0
962 0
963 0
964 0
965 0
966 0
967 0
968 0
969 0
970 0
971 0
972 0
973 0
974 0
975 0
976 0
977 0
978 0
979 0
980 0
981 0
982 0
983 0
984 0
985 0
986 0
987 0
988 0
989 0
990 0
991 0
992 0
993 0
994 0
995 0
996 0
997 0
998 0
999 0
