0	3950	652
1	3332	655
2	3596	641
3	3959	643
4	3250	658
5	3947	640
6	3234	661
7	3155	655
8	4044	640
9	3420	645
10	3243	637
11	4123	643
12	3246	651
13	3321	651
14	4287	653
15	3476	643
16	4049	652
17	3279	633
18	40	22
19	124	96
20	94	50
21	113	26
22	587	238
23	183	115
24	425	150
25	161	106
26	86	34
27	332	183
28	355	177
29	113	53
30	46	19
31	194	109
32	185	115
33	168	120
34	62	48
35	69	45
36	27	19
37	401	179
38	79	30
39	70	40
40	189	110
41	44	13
42	506	248
43	101	65
44	143	52
45	119	54
46	95	71
47	321	181
48	339	183
49	127	85
50	124	82
51	114	52
52	32	24
53	192	112
54	132	94
55	197	81
56	160	102
57	196	104
58	550	244
59	116	67
60	146	50
61	57	52
62	168	74
63	117	87
64	146	85
65	114	30
66	132	70
67	419	227
68	173	137
69	126	79
70	207	115
71	325	191
72	125	48
73	383	209
74	142	87
75	74	50
76	287	146
77	134	112
78	172	126
79	38	22
80	149	44
81	510	224
82	373	175
83	81	46
84	38	9
85	238	106
86	258	174
87	25	7
88	412	201
89	53	26
90	397	202
91	347	161
92	188	121
93	83	35
94	243	148
95	376	176
96	261	163
97	180	116
98	20	12
99	154	100
100	347	168
101	183	140
102	60	16
103	348	169
104	88	39
105	187	109
106	170	108
107	699	266
108	137	104
109	55	47
110	258	145
111	117	85
112	184	99
113	229	113
114	52	29
115	331	173
116	22	12
117	66	45
118	250	131
119	343	188
120	101	50
121	136	86
122	274	155
123	98	47
124	224	156
125	39	15
126	171	107
127	648	283
128	117	92
129	334	155
130	332	166
131	164	104
132	159	79
133	85	65
134	101	62
135	880	249
136	94	50
137	229	148
138	137	68
139	141	103
140	647	233
141	714	276
142	73	51
143	343	145
144	1260	376
145	126	80
146	252	133
147	261	119
148	271	171
149	43	20
150	78	40
151	140	75
152	124	46
153	100	55
154	29	19
155	113	55
156	108	54
157	166	81
158	545	160
159	113	76
160	288	124
161	188	138
162	504	236
163	200	144
164	175	82
165	140	74
166	45	23
167	415	188
168	37	17
169	157	87
170	1049	293
171	320	190
172	216	126
173	186	120
174	29	12
175	258	135
176	36	7
177	24	11
178	232	102
179	63	50
180	181	86
181	198	104
182	76	11
183	256	154
184	39	17
185	148	92
186	1384	411
187	388	231
188	85	59
189	147	89
190	568	252
191	55	22
192	145	83
193	15	11
194	98	58
195	193	97
196	103	60
197	86	36
198	105	52
199	574	263
200	657	302
201	167	72
202	317	187
203	217	133
204	295	145
205	296	136
206	80	50
207	49	35
208	81	50
209	157	69
210	436	178
211	379	180
212	78	21
213	187	125
214	44	20
215	49	22
216	409	202
217	381	194
218	81	47
219	146	87
220	131	74
221	137	94
222	343	173
223	114	70
224	89	40
225	35	15
226	268	152
227	327	167
228	135	106
229	58	45
230	117	86
231	419	180
232	260	156
233	94	64
234	93	67
235	458	151
236	106	69
237	130	81
238	345	195
239	154	88
240	448	210
241	399	203
242	103	52
243	127	92
244	48	39
245	118	81
246	64	25
247	103	14
248	115	44
249	210	112
250	181	104
251	966	359
252	16	10
253	110	93
254	239	157
255	200	143
256	225	165
257	101	55
258	234	123
259	99	47
260	245	150
261	157	102
262	139	67
263	109	84
264	123	66
265	108	81
266	85	65
267	68	51
268	269	175
269	176	102
270	324	165
271	55	32
272	51	32
273	335	177
274	390	160
275	449	229
276	302	173
277	111	68
278	124	100
279	148	94
280	198	118
281	415	169
282	174	105
283	205	94
284	211	133
285	62	48
286	55	7
287	131	95
288	577	244
289	67	39
290	83	53
291	184	107
292	564	243
293	87	46
294	198	121
295	640	237
296	188	115
297	84	55
298	62	20
299	21	14
300	324	151
301	131	63
302	30	24
303	247	133
304	249	138
305	219	80
306	211	129
307	39	21
308	751	308
309	182	85
310	307	173
311	442	221
312	279	174
313	300	185
314	42	39
315	71	40
316	111	52
317	389	200
318	606	287
319	172	104
320	722	310
321	183	117
322	47	30
323	171	128
324	387	231
325	105	85
326	127	94
327	112	70
328	130	54
329	216	154
330	340	204
331	568	246
332	136	79
333	87	67
334	276	165
335	110	75
336	551	236
337	89	31
338	498	249
339	321	140
340	134	100
341	206	129
342	76	48
343	256	127
344	165	120
345	176	107
346	118	98
347	65	35
348	437	208
349	93	59
350	398	213
351	167	109
352	112	68
353	140	100
354	128	73
355	628	288
356	293	123
357	48	26
358	348	208
359	135	99
360	137	57
361	157	105
362	189	120
363	415	234
364	223	128
365	103	46
366	82	26
367	136	101
368	85	62
369	202	111
370	92	65
371	228	121
372	107	75
373	416	224
374	139	99
375	374	201
376	97	65
377	29	12
378	256	125
379	106	71
380	179	130
381	344	184
382	73	52
383	178	88
384	66	26
385	131	99
386	348	136
387	230	136
388	148	86
389	143	83
390	631	283
391	128	92
392	235	146
393	328	186
394	85	57
395	137	106
396	38	10
397	113	87
398	121	73
399	42	20
400	359	181
401	85	34
402	236	122
403	146	98
404	175	132
405	55	43
406	279	138
407	142	91
408	148	87
409	83	69
410	118	74
411	229	142
412	208	131
413	564	267
414	215	136
415	218	116
416	302	189
417	88	58
418	52	40
419	481	208
420	98	69
421	147	101
422	205	134
423	74	68
424	40	20
425	54	22
426	88	54
427	324	189
428	407	213
429	75	50
430	188	111
431	52	34
432	115	93
433	204	105
434	100	80
435	1410	372
436	61	39
437	75	50
438	171	77
439	361	199
440	41	14
441	217	130
442	127	106
443	158	85
444	260	180
445	481	244
446	52	14
447	74	18
448	56	32
449	207	89
450	266	132
451	76	59
452	111	82
453	557	198
454	85	44
455	139	71
456	108	61
457	62	20
458	190	103
459	61	55
460	65	47
461	114	58
462	165	100
463	488	252
464	89	48
465	327	177
466	336	194
467	308	155
468	506	219
469	231	147
470	105	14
471	151	69
472	63	29
473	44	27
474	111	68
475	153	94
476	336	173
477	83	73
478	150	90
479	56	27
480	359	171
481	160	92
482	298	174
483	286	154
484	43	25
485	121	83
486	33	21
487	407	183
488	519	234
489	194	125
490	72	44
491	176	116
492	277	174
493	100	13
494	63	30
495	129	95
496	329	163
497	132	99
498	66	47
499	116	59
500	251	146
501	74	52
502	121	56
503	356	196
504	409	212
505	129	76
506	497	233
507	181	119
508	286	152
509	204	147
510	254	146
511	196	87
512	422	235
513	710	286
514	104	73
515	191	123
516	203	126
517	440	226
518	90	67
519	1493	344
520	132	67
521	318	149
522	328	164
523	178	109
524	134	92
525	44	36
526	192	141
527	646	242
528	68	22
529	459	217
530	57	40
531	553	245
532	214	114
533	251	141
534	82	56
535	351	190
536	106	79
537	182	76
538	324	195
539	352	182
540	460	240
541	288	176
542	333	163
543	172	107
544	39	11
545	362	177
546	197	98
547	12	11
548	541	214
549	303	187
550	148	85
551	80	47
552	262	164
553	273	144
554	66	48
555	422	188
556	329	177
557	377	191
558	133	69
559	758	285
560	97	77
561	190	91
562	69	63
563	534	249
564	476	199
565	98	72
566	16	12
567	41	16
568	589	243
569	219	132
570	273	145
571	353	189
572	155	89
573	67	52
574	193	115
575	145	67
576	99	17
577	1010	317
578	49	26
579	145	96
580	317	120
581	213	158
582	286	149
583	114	74
584	44	37
585	102	29
586	102	66
587	135	99
588	279	160
589	314	174
590	166	122
591	153	79
592	146	109
593	260	159
594	289	142
595	433	209
596	113	55
597	77	22
598	178	109
599	181	82
600	53	23
601	371	156
602	65	18
603	276	173
604	564	257
605	200	128
606	14	6
607	34	17
608	249	108
609	72	36
610	150	119
611	243	110
612	102	77
613	117	65
614	165	80
615	206	75
616	200	109
617	97	45
618	180	100
619	178	104
620	565	228
621	40	14
622	117	41
623	114	73
624	337	195
625	183	118
626	138	85
627	115	73
628	302	181
629	254	156
630	88	61
631	171	87
632	329	162
633	128	88
634	172	117
635	293	158
636	243	113
637	143	104
638	193	102
639	363	152
640	98	71
641	2	2
642	370	171
643	82	18
644	399	211
645	156	95
646	649	313
647	85	65
648	160	113
649	306	172
650	180	99
651	337	181
652	221	95
653	318	196
654	169	106
655	106	72
656	230	163
657	126	84
658	33	25
659	60	46
660	28	22
661	299	186
662	348	203
663	265	139
664	347	181
665	154	95
666	237	139
667	43	14
668	85	65
669	618	222
670	418	245
671	308	141
672	363	202
673	30	23
674	84	38
675	146	99
676	76	38
677	117	71
678	179	90
679	134	100
680	161	120
681	167	96
682	34	22
683	42	27
684	517	166
685	93	68
686	210	108
687	395	217
688	113	69
689	834	294
690	411	203
691	169	96
692	389	210
693	169	100
694	72	55
695	110	64
696	344	162
697	116	72
698	100	54
699	108	87
700	132	83
701	221	143
702	328	181
703	109	72
704	190	102
705	607	282
706	206	135
707	129	57
708	36	10
709	128	76
710	340	185
711	227	107
712	155	92
713	461	241
714	225	143
715	38	24
716	192	138
717	83	44
718	92	72
719	359	188
720	111	55
721	120	40
722	89	68
723	93	67
724	189	103
725	155	104
726	21	13
727	117	39
728	117	72
729	307	159
730	182	92
731	79	51
732	152	108
733	294	158
734	290	168
735	167	90
736	117	68
737	51	33
738	378	181
739	118	88
740	173	71
741	145	100
742	62	48
743	11	10
744	73	59
745	84	31
746	40	31
747	147	81
748	10	5
749	134	89
750	361	189
751	76	18
752	464	207
753	139	73
754	1043	346
755	276	162
756	181	115
757	55	42
758	211	105
759	101	18
760	101	58
761	753	300
762	185	89
763	45	26
764	527	248
765	91	30
766	344	194
767	93	56
768	33	20
769	231	132
770	61	42
771	103	65
772	174	106
773	141	53
774	108	87
775	264	134
776	122	85
777	171	104
778	256	155
779	175	114
780	60	41
781	258	120
782	222	133
783	245	125
784	217	121
785	114	65
786	221	121
787	132	79
788	159	78
789	1304	299
790	132	41
791	100	30
792	159	79
793	228	111
794	164	79
795	36	14
796	102	70
797	140	85
798	98	80
799	216	145
800	212	151
801	62	28
802	253	133
803	483	241
804	60	47
805	211	120
806	283	144
807	306	154
808	144	111
809	138	87
810	612	238
811	62	38
812	44	28
813	118	95
814	54	16
815	195	125
816	46	26
817	348	175
818	178	95
819	661	309
820	35	24
821	169	119
822	437	218
823	234	144
824	176	137
825	492	227
826	127	82
827	735	303
828	179	139
829	95	69
830	159	95
831	390	192
832	284	161
833	298	117
834	64	58
835	51	17
836	37	25
837	97	71
838	92	55
839	132	97
840	76	30
841	327	181
842	196	101
843	71	60
844	129	91
845	284	179
846	99	75
847	172	113
848	45	42
849	158	121
850	506	258
851	188	124
852	400	198
853	419	217
854	194	123
855	67	46
856	139	77
857	129	71
858	97	75
859	190	102
860	159	128
861	73	53
862	621	280
863	136	87
864	475	206
865	180	64
866	285	180
867	198	120
868	601	188
869	81	65
870	363	160
871	355	190
872	218	143
873	34	17
874	554	245
875	228	127
876	139	63
877	148	101
878	298	149
879	43	41
880	166	104
881	172	91
882	279	139
883	1286	380
884	165	91
885	18	13
886	212	109
887	145	36
888	26	21
889	188	123
890	51	24
891	141	112
892	193	103
893	108	33
894	162	93
895	238	145
896	23	7
897	182	122
898	89	30
899	383	160
900	46	14
901	336	183
902	127	83
903	152	82
904	379	216
905	87	38
906	75	25
907	157	72
908	152	94
909	121	96
910	222	92
911	87	37
912	268	150
913	313	200
914	40	24
915	88	51
916	105	52
917	98	63
918	116	78
919	293	192
920	214	144
921	42	26
922	143	84
923	159	91
924	51	22
925	122	97
926	164	94
927	174	89
928	277	122
929	108	61
930	412	236
931	506	236
932	244	152
933	514	256
934	84	58
935	83	63
936	203	143
937	421	221
938	305	185
939	107	68
940	455	230
941	499	270
942	551	219
943	122	105
944	155	94
945	100	64
946	108	68
947	287	96
948	48	31
949	358	202
950	119	76
951	75	20
952	161	65
953	120	31
954	221	153
955	493	181
956	222	131
957	547	267
958	98	60
959	83	65
960	221	136
961	181	109
962	246	128
963	449	229
964	339	183
965	265	147
966	208	144
967	76	50
968	273	152
969	109	77
970	344	194
971	536	222
972	108	80
973	157	129
974	618	257
975	188	96
976	228	111
977	61	35
978	48	40
979	170	119
980	262	152
981	190	112
982	287	158
983	75	36
984	176	97
985	109	97
986	56	5
987	146	86
988	345	164
989	306	156
990	54	43
991	185	129
992	109	60
993	391	211
994	379	229
995	578	260
996	358	189
997	14	8
998	186	100
999	723	271
1000	36	28
1001	57	47
1002	321	151
1003	289	145
1004	150	99
1005	188	100
1006	328	157
1007	171	112
1008	159	106
1009	300	157
1010	181	120
1011	179	110
1012	107	66
1013	331	204
1014	12	12
1015	112	83
1016	177	85
1017	506	246
1018	1357	614
1019	1166	589
1020	1213	566
1021	1177	554
1022	1225	578
1023	1174	576
1024	1098	569
1025	1134	572
1026	1175	572
1027	1263	584
